0	-36.7198592136061
0.00100066711140761	-36.7198592136061
0.00200133422281521	-36.7198592136061
0.00300200133422282	-36.7198592136061
0.00400266844563042	-36.7198592136061
0.00500333555703803	-36.7198592136061
0.00600400266844563	-36.7198592136061
0.00700466977985324	-36.7198592136061
0.00800533689126084	-36.7198592136061
0.00900600400266845	-36.7198592136061
0.0100066711140761	-36.7198592136061
0.0110073382254837	-36.7198592136061
0.0120080053368913	-36.7198592136061
0.0130086724482989	-36.7198592136061
0.0140093395597065	-36.7198592136061
0.0150100066711141	-36.7198592136061
0.0160106737825217	-36.7198592136061
0.0170113408939293	-36.7198592136061
0.0180120080053369	-36.7198592136061
0.0190126751167445	-36.7198592136061
0.0200133422281521	-36.7198592136061
0.0210140093395597	-36.7198592136061
0.0220146764509673	-36.7198592136061
0.0230153435623749	-36.7198592136061
0.0240160106737825	-36.7198592136061
0.0250166777851901	-36.7198592136061
0.0260173448965977	-36.7198592136061
0.0270180120080053	-36.7198592136061
0.0280186791194129	-36.7198592136061
0.0290193462308205	-36.7198592136061
0.0300200133422282	-36.7198592136061
0.0310206804536358	-36.7198592136061
0.0320213475650434	-36.7198592136061
0.033022014676451	-36.7198592136061
0.0340226817878586	-36.7198592136061
0.0350233488992662	-36.7198592136061
0.0360240160106738	-36.7198592136061
0.0370246831220814	-36.7198592136061
0.038025350233489	-36.7198592136061
0.0390260173448966	-36.7198592136061
0.0400266844563042	-36.7198592136061
0.0410273515677118	-36.7198592136061
0.0420280186791194	-36.7198592136061
0.043028685790527	-36.7198592136061
0.0440293529019346	-36.7198592136061
0.0450300200133422	-36.7198592136061
0.0460306871247498	-36.7198592136061
0.0470313542361574	-36.7198592136061
0.048032021347565	-36.7198592136061
0.0490326884589726	-36.7198592136061
0.0500333555703803	-36.7198592136061
0.0510340226817879	-36.7198592136061
0.0520346897931955	-36.7198592136061
0.0530353569046031	-36.7198592136061
0.0540360240160107	-36.7198592136061
0.0550366911274183	-36.7198592136061
0.0560373582388259	-36.7198592136061
0.0570380253502335	-36.7198592136061
0.0580386924616411	-36.7198592136061
0.0590393595730487	-36.7198592136061
0.0600400266844563	-36.7198592136061
0.0610406937958639	-36.7198592136061
0.0620413609072715	-36.7198592136061
0.0630420280186791	-36.7198592136061
0.0640426951300867	-36.7198592136061
0.0650433622414943	-36.7198592136061
0.0660440293529019	-36.7198592136061
0.0670446964643095	-36.7198592136061
0.0680453635757171	-36.7198592136061
0.0690460306871248	-36.7198592136061
0.0700466977985324	-36.7198592136061
0.07104736490994	-36.7198592136061
0.0720480320213476	-36.7198592136061
0.0730486991327552	-36.7198592136061
0.0740493662441628	-36.7198592136061
0.0750500333555704	-36.7198592136061
0.076050700466978	-36.7198592136061
0.0770513675783856	-36.7198592136061
0.0780520346897932	-36.7198592136061
0.0790527018012008	-36.7198592136061
0.0800533689126084	-36.7198592136061
0.081054036024016	-36.7198592136061
0.0820547031354236	-36.7198592136061
0.0830553702468312	-36.7198592136061
0.0840560373582388	-36.7198592136061
0.0850567044696464	-36.7198592136061
0.086057371581054	-36.7198592136061
0.0870580386924616	-36.7198592136061
0.0880587058038692	-36.7198592136061
0.0890593729152769	-36.7198592136061
0.0900600400266845	-36.7198592136061
0.0910607071380921	-36.7198592136061
0.0920613742494997	-36.7198592136061
0.0930620413609073	-36.7198592136061
0.0940627084723149	-36.7198592136061
0.0950633755837225	-36.7198592136061
0.0960640426951301	-36.7198592136061
0.0970647098065377	-36.7198592136061
0.0980653769179453	-36.7198592136061
0.0990660440293529	-36.7198592136061
0.100066711140761	-36.7198592136061
0.101067378252168	-36.7198592136061
0.102068045363576	-36.7198592136061
0.103068712474983	-36.7198592136061
0.104069379586391	-36.7198592136061
0.105070046697799	-36.7198592136061
0.106070713809206	-36.7198592136061
0.107071380920614	-36.7198592136061
0.108072048032021	-36.7198592136061
0.109072715143429	-36.7198592136061
0.110073382254837	-36.7198592136061
0.111074049366244	-36.7198592136061
0.112074716477652	-36.7198592136061
0.113075383589059	-36.7198592136061
0.114076050700467	-36.7198592136061
0.115076717811875	-36.7198592136061
0.116077384923282	-36.7198592136061
0.11707805203469	-36.7198592136061
0.118078719146097	-36.7198592136061
0.119079386257505	-36.7198592136061
0.120080053368913	-36.7198592136061
0.12108072048032	-36.7198592136061
0.122081387591728	-36.7198592136061
0.123082054703135	-36.7198592136061
0.124082721814543	-36.7198592136061
0.125083388925951	-36.7198592136061
0.126084056037358	-36.7198592136061
0.127084723148766	-36.7198592136061
0.128085390260173	-36.7198592136061
0.129086057371581	-36.7198592136061
0.130086724482989	-36.7198592136061
0.131087391594396	-36.7198592136061
0.132088058705804	-36.719859213606
0.133088725817211	-36.719859213606
0.134089392928619	-36.719859213606
0.135090060040027	-36.719859213606
0.136090727151434	-36.719859213606
0.137091394262842	-36.719859213606
0.13809206137425	-36.719859213606
0.139092728485657	-36.719859213606
0.140093395597065	-36.719859213606
0.141094062708472	-36.719859213606
0.14209472981988	-36.719859213606
0.143095396931288	-36.719859213606
0.144096064042695	-36.719859213606
0.145096731154103	-36.719859213606
0.14609739826551	-36.719859213606
0.147098065376918	-36.719859213606
0.148098732488326	-36.719859213606
0.149099399599733	-36.719859213606
0.150100066711141	-36.719859213606
0.151100733822548	-36.719859213606
0.152101400933956	-36.719859213606
0.153102068045364	-36.719859213606
0.154102735156771	-36.719859213606
0.155103402268179	-36.719859213606
0.156104069379586	-36.719859213606
0.157104736490994	-36.719859213606
0.158105403602402	-36.719859213606
0.159106070713809	-36.719859213606
0.160106737825217	-36.719859213606
0.161107404936624	-36.7198592136059
0.162108072048032	-36.7198592136059
0.16310873915944	-36.7198592136059
0.164109406270847	-36.7198592136059
0.165110073382255	-36.7198592136059
0.166110740493662	-36.7198592136059
0.16711140760507	-36.7198592136059
0.168112074716478	-36.7198592136059
0.169112741827885	-36.7198592136059
0.170113408939293	-36.7198592136059
0.1711140760507	-36.7198592136059
0.172114743162108	-36.7198592136059
0.173115410273516	-36.7198592136058
0.174116077384923	-36.7198592136058
0.175116744496331	-36.7198592136058
0.176117411607738	-36.7198592136058
0.177118078719146	-36.7198592136058
0.178118745830554	-36.7198592136058
0.179119412941961	-36.7198592136058
0.180120080053369	-36.7198592136058
0.181120747164777	-36.7198592136058
0.182121414276184	-36.7198592136057
0.183122081387592	-36.7198592136057
0.184122748498999	-36.7198592136057
0.185123415610407	-36.7198592136057
0.186124082721815	-36.7198592136057
0.187124749833222	-36.7198592136057
0.18812541694463	-36.7198592136056
0.189126084056037	-36.7198592136056
0.190126751167445	-36.7198592136056
0.191127418278853	-36.7198592136056
0.19212808539026	-36.7198592136056
0.193128752501668	-36.7198592136055
0.194129419613075	-36.7198592136055
0.195130086724483	-36.7198592136055
0.196130753835891	-36.7198592136055
0.197131420947298	-36.7198592136054
0.198132088058706	-36.7198592136054
0.199132755170113	-36.7198592136054
0.200133422281521	-36.7198592136054
0.201134089392929	-36.7198592136053
0.202134756504336	-36.7198592136053
0.203135423615744	-36.7198592136053
0.204136090727151	-36.7198592136052
0.205136757838559	-36.7198592136052
0.206137424949967	-36.7198592136052
0.207138092061374	-36.7198592136051
0.208138759172782	-36.7198592136051
0.209139426284189	-36.7198592136051
0.210140093395597	-36.719859213605
0.211140760507005	-36.719859213605
0.212141427618412	-36.7198592136049
0.21314209472982	-36.7198592136049
0.214142761841227	-36.7198592136048
0.215143428952635	-36.7198592136048
0.216144096064043	-36.7198592136047
0.21714476317545	-36.7198592136047
0.218145430286858	-36.7198592136046
0.219146097398266	-36.7198592136046
0.220146764509673	-36.7198592136045
0.221147431621081	-36.7198592136044
0.222148098732488	-36.7198592136044
0.223148765843896	-36.7198592136043
0.224149432955304	-36.7198592136042
0.225150100066711	-36.7198592136042
0.226150767178119	-36.7198592136041
0.227151434289526	-36.719859213604
0.228152101400934	-36.7198592136039
0.229152768512342	-36.7198592136038
0.230153435623749	-36.7198592136037
0.231154102735157	-36.7198592136036
0.232154769846564	-36.7198592136035
0.233155436957972	-36.7198592136034
0.23415610406938	-36.7198592136033
0.235156771180787	-36.7198592136032
0.236157438292195	-36.7198592136031
0.237158105403602	-36.719859213603
0.23815877251501	-36.7198592136029
0.239159439626418	-36.7198592136028
0.240160106737825	-36.7198592136026
0.241160773849233	-36.7198592136025
0.24216144096064	-36.7198592136023
0.243162108072048	-36.7198592136022
0.244162775183456	-36.719859213602
0.245163442294863	-36.7198592136019
0.246164109406271	-36.7198592136017
0.247164776517678	-36.7198592136015
0.248165443629086	-36.7198592136014
0.249166110740494	-36.7198592136012
0.250166777851901	-36.719859213601
0.251167444963309	-36.7198592136008
0.252168112074716	-36.7198592136006
0.253168779186124	-36.7198592136003
0.254169446297532	-36.7198592136001
0.255170113408939	-36.7198592135999
0.256170780520347	-36.7198592135996
0.257171447631754	-36.7198592135994
0.258172114743162	-36.7198592135991
0.25917278185457	-36.7198592135988
0.260173448965977	-36.7198592135985
0.261174116077385	-36.7198592135982
0.262174783188793	-36.7198592135979
0.2631754503002	-36.7198592135976
0.264176117411608	-36.7198592135973
0.265176784523015	-36.7198592135969
0.266177451634423	-36.7198592135966
0.267178118745831	-36.7198592135962
0.268178785857238	-36.7198592135958
0.269179452968646	-36.7198592135954
0.270180120080053	-36.719859213595
0.271180787191461	-36.7198592135945
0.272181454302869	-36.7198592135941
0.273182121414276	-36.7198592135936
0.274182788525684	-36.7198592135931
0.275183455637091	-36.7198592135926
0.276184122748499	-36.7198592135921
0.277184789859907	-36.7198592135915
0.278185456971314	-36.7198592135909
0.279186124082722	-36.7198592135903
0.280186791194129	-36.7198592135897
0.281187458305537	-36.7198592135891
0.282188125416945	-36.7198592135884
0.283188792528352	-36.7198592135877
0.28418945963976	-36.719859213587
0.285190126751167	-36.7198592135862
0.286190793862575	-36.7198592135854
0.287191460973983	-36.7198592135846
0.28819212808539	-36.7198592135838
0.289192795196798	-36.7198592135829
0.290193462308205	-36.719859213582
0.291194129419613	-36.719859213581
0.292194796531021	-36.71985921358
0.293195463642428	-36.719859213579
0.294196130753836	-36.7198592135779
0.295196797865243	-36.7198592135768
0.296197464976651	-36.7198592135757
0.297198132088059	-36.7198592135745
0.298198799199466	-36.7198592135732
0.299199466310874	-36.7198592135719
0.300200133422282	-36.7198592135706
0.301200800533689	-36.7198592135692
0.302201467645097	-36.7198592135677
0.303202134756504	-36.7198592135662
0.304202801867912	-36.7198592135646
0.30520346897932	-36.719859213563
0.306204136090727	-36.7198592135613
0.307204803202135	-36.7198592135595
0.308205470313542	-36.7198592135577
0.30920613742495	-36.7198592135558
0.310206804536358	-36.7198592135538
0.311207471647765	-36.7198592135517
0.312208138759173	-36.7198592135496
0.31320880587058	-36.7198592135473
0.314209472981988	-36.719859213545
0.315210140093396	-36.7198592135426
0.316210807204803	-36.7198592135401
0.317211474316211	-36.7198592135375
0.318212141427618	-36.7198592135348
0.319212808539026	-36.719859213532
0.320213475650434	-36.719859213529
0.321214142761841	-36.719859213526
0.322214809873249	-36.7198592135228
0.323215476984656	-36.7198592135195
0.324216144096064	-36.7198592135161
0.325216811207472	-36.7198592135126
0.326217478318879	-36.7198592135089
0.327218145430287	-36.7198592135051
0.328218812541694	-36.7198592135011
0.329219479653102	-36.7198592134969
0.33022014676451	-36.7198592134926
0.331220813875917	-36.7198592134881
0.332221480987325	-36.7198592134835
0.333222148098732	-36.7198592134787
0.33422281521014	-36.7198592134736
0.335223482321548	-36.7198592134684
0.336224149432955	-36.719859213463
0.337224816544363	-36.7198592134573
0.33822548365577	-36.7198592134515
0.339226150767178	-36.7198592134454
0.340226817878586	-36.719859213439
0.341227484989993	-36.7198592134324
0.342228152101401	-36.7198592134256
0.343228819212809	-36.7198592134184
0.344229486324216	-36.719859213411
0.345230153435624	-36.7198592134033
0.346230820547031	-36.7198592133953
0.347231487658439	-36.719859213387
0.348232154769847	-36.7198592133784
0.349232821881254	-36.7198592133694
0.350233488992662	-36.7198592133601
0.351234156104069	-36.7198592133504
0.352234823215477	-36.7198592133403
0.353235490326885	-36.7198592133298
0.354236157438292	-36.7198592133189
0.3552368245497	-36.7198592133076
0.356237491661107	-36.7198592132958
0.357238158772515	-36.7198592132835
0.358238825883923	-36.7198592132708
0.35923949299533	-36.7198592132576
0.360240160106738	-36.7198592132438
0.361240827218145	-36.7198592132295
0.362241494329553	-36.7198592132147
0.363242161440961	-36.7198592131992
0.364242828552368	-36.7198592131832
0.365243495663776	-36.7198592131665
0.366244162775183	-36.7198592131491
0.367244829886591	-36.7198592131311
0.368245496997999	-36.7198592131124
0.369246164109406	-36.7198592130929
0.370246831220814	-36.7198592130727
0.371247498332221	-36.7198592130516
0.372248165443629	-36.7198592130297
0.373248832555037	-36.719859213007
0.374249499666444	-36.7198592129834
0.375250166777852	-36.7198592129588
0.37625083388926	-36.7198592129333
0.377251501000667	-36.7198592129067
0.378252168112075	-36.7198592128791
0.379252835223482	-36.7198592128504
0.38025350233489	-36.7198592128206
0.381254169446298	-36.7198592127896
0.382254836557705	-36.7198592127574
0.383255503669113	-36.7198592127239
0.38425617078052	-36.7198592126891
0.385256837891928	-36.719859212653
0.386257505003336	-36.7198592126154
0.387258172114743	-36.7198592125763
0.388258839226151	-36.7198592125356
0.389259506337558	-36.7198592124934
0.390260173448966	-36.7198592124495
0.391260840560374	-36.7198592124039
0.392261507671781	-36.7198592123564
0.393262174783189	-36.7198592123071
0.394262841894596	-36.7198592122559
0.395263509006004	-36.7198592122026
0.396264176117412	-36.7198592121473
0.397264843228819	-36.7198592120897
0.398265510340227	-36.7198592120299
0.399266177451634	-36.7198592119677
0.400266844563042	-36.7198592119031
0.40126751167445	-36.7198592118359
0.402268178785857	-36.719859211766
0.403268845897265	-36.7198592116934
0.404269513008672	-36.719859211618
0.40527018012008	-36.7198592115395
0.406270847231488	-36.719859211458
0.407271514342895	-36.7198592113733
0.408272181454303	-36.7198592112852
0.409272848565711	-36.7198592111936
0.410273515677118	-36.7198592110984
0.411274182788526	-36.7198592109995
0.412274849899933	-36.7198592108967
0.413275517011341	-36.7198592107898
0.414276184122749	-36.7198592106787
0.415276851234156	-36.7198592105632
0.416277518345564	-36.7198592104431
0.417278185456971	-36.7198592103184
0.418278852568379	-36.7198592101886
0.419279519679787	-36.7198592100538
0.420280186791194	-36.7198592099137
0.421280853902602	-36.719859209768
0.422281521014009	-36.7198592096166
0.423282188125417	-36.7198592094592
0.424282855236825	-36.7198592092956
0.425283522348232	-36.7198592091255
0.42628418945964	-36.7198592089488
0.427284856571047	-36.719859208765
0.428285523682455	-36.719859208574
0.429286190793863	-36.7198592083755
0.43028685790527	-36.7198592081691
0.431287525016678	-36.7198592079547
0.432288192128085	-36.7198592077317
0.433288859239493	-36.7198592074999
0.434289526350901	-36.719859207259
0.435290193462308	-36.7198592070086
0.436290860573716	-36.7198592067484
0.437291527685123	-36.7198592064778
0.438292194796531	-36.7198592061966
0.439292861907939	-36.7198592059043
0.440293529019346	-36.7198592056004
0.441294196130754	-36.7198592052846
0.442294863242161	-36.7198592049563
0.443295530353569	-36.719859204615
0.444296197464977	-36.7198592042603
0.445296864576384	-36.7198592038916
0.446297531687792	-36.7198592035083
0.447298198799199	-36.71985920311
0.448298865910607	-36.7198592026959
0.449299533022015	-36.7198592022654
0.450300200133422	-36.719859201818
0.45130086724483	-36.719859201353
0.452301534356237	-36.7198592008696
0.453302201467645	-36.7198592003671
0.454302868579053	-36.7198591998448
0.45530353569046	-36.7198591993019
0.456304202801868	-36.7198591987376
0.457304869913276	-36.719859198151
0.458305537024683	-36.7198591975412
0.459306204136091	-36.7198591969074
0.460306871247498	-36.7198591962486
0.461307538358906	-36.7198591955639
0.462308205470314	-36.7198591948521
0.463308872581721	-36.7198591941122
0.464309539693129	-36.7198591933431
0.465310206804536	-36.7198591925437
0.466310873915944	-36.7198591917128
0.467311541027352	-36.719859190849
0.468312208138759	-36.7198591899512
0.469312875250167	-36.719859189018
0.470313542361574	-36.7198591880479
0.471314209472982	-36.7198591870396
0.47231487658439	-36.7198591859915
0.473315543695797	-36.7198591849021
0.474316210807205	-36.7198591837697
0.475316877918612	-36.7198591825926
0.47631754503002	-36.719859181369
0.477318212141428	-36.7198591800972
0.478318879252835	-36.7198591787752
0.479319546364243	-36.7198591774011
0.48032021347565	-36.7198591759728
0.481320880587058	-36.7198591744881
0.482321547698466	-36.7198591729448
0.483322214809873	-36.7198591713406
0.484322881921281	-36.7198591696732
0.485323549032688	-36.7198591679399
0.486324216144096	-36.7198591661383
0.487324883255504	-36.7198591642656
0.488325550366911	-36.7198591623191
0.489326217478319	-36.7198591602957
0.490326884589727	-36.7198591581925
0.491327551701134	-36.7198591560063
0.492328218812542	-36.7198591537339
0.493328885923949	-36.7198591513719
0.494329553035357	-36.7198591489166
0.495330220146765	-36.7198591463645
0.496330887258172	-36.7198591437117
0.49733155436958	-36.7198591409542
0.498332221480987	-36.719859138088
0.499332888592395	-36.7198591351087
0.500333555703803	-36.7198591320118
0.50133422281521	-36.7198591287928
0.502334889926618	-36.7198591254467
0.503335557038025	-36.7198591219687
0.504336224149433	-36.7198591183534
0.505336891260841	-36.7198591145956
0.506337558372248	-36.7198591106894
0.507338225483656	-36.7198591066292
0.508338892595063	-36.7198591024087
0.509339559706471	-36.7198590980218
0.510340226817879	-36.7198590934618
0.511340893929286	-36.7198590887219
0.512341561040694	-36.719859083795
0.513342228152101	-36.7198590786737
0.514342895263509	-36.7198590733504
0.515343562374917	-36.719859067817
0.516344229486324	-36.7198590620654
0.517344896597732	-36.7198590560869
0.518345563709139	-36.7198590498724
0.519346230820547	-36.7198590434129
0.520346897931955	-36.7198590366984
0.521347565043362	-36.7198590297191
0.52234823215477	-36.7198590224645
0.523348899266177	-36.7198590149236
0.524349566377585	-36.7198590070852
0.525350233488993	-36.7198589989376
0.5263509006004	-36.7198589904685
0.527351567711808	-36.7198589816654
0.528352234823215	-36.7198589725149
0.529352901934623	-36.7198589630034
0.530353569046031	-36.7198589531167
0.531354236157438	-36.7198589428399
0.532354903268846	-36.7198589321577
0.533355570380253	-36.7198589210541
0.534356237491661	-36.7198589095124
0.535356904603069	-36.7198588975154
0.536357571714476	-36.719858885045
0.537358238825884	-36.7198588720827
0.538358905937292	-36.719858858609
0.539359573048699	-36.7198588446037
0.540360240160107	-36.719858830046
0.541360907271514	-36.7198588149138
0.542361574382922	-36.7198587991847
0.54336224149433	-36.7198587828351
0.544362908605737	-36.7198587658404
0.545363575717145	-36.7198587481752
0.546364242828552	-36.7198587298132
0.54736490993996	-36.7198587107267
0.548365577051368	-36.7198586908872
0.549366244162775	-36.719858670265
0.550366911274183	-36.7198586488292
0.55136757838559	-36.7198586265478
0.552368245496998	-36.7198586033873
0.553368912608406	-36.7198585793131
0.554369579719813	-36.7198585542891
0.555370246831221	-36.7198585282779
0.556370913942628	-36.7198585012405
0.557371581054036	-36.7198584731364
0.558372248165444	-36.7198584439235
0.559372915276851	-36.7198584135582
0.560373582388259	-36.7198583819949
0.561374249499666	-36.7198583491864
0.562374916611074	-36.7198583150835
0.563375583722482	-36.7198582796352
0.564376250833889	-36.7198582427884
0.565376917945297	-36.7198582044879
0.566377585056704	-36.7198581646764
0.567378252168112	-36.7198581232943
0.56837891927952	-36.7198580802795
0.569379586390927	-36.7198580355678
0.570380253502335	-36.7198579890921
0.571380920613742	-36.7198579407829
0.57238158772515	-36.7198578905677
0.573382254836558	-36.7198578383715
0.574382921947965	-36.7198577841161
0.575383589059373	-36.7198577277202
0.57638425617078	-36.7198576690994
0.577384923282188	-36.7198576081659
0.578385590393596	-36.7198575448284
0.579386257505003	-36.7198574789922
0.580386924616411	-36.7198574105586
0.581387591727819	-36.7198573394252
0.582388258839226	-36.7198572654854
0.583388925950634	-36.7198571886286
0.584389593062041	-36.7198571087397
0.585390260173449	-36.719857025699
0.586390927284857	-36.7198569393822
0.587391594396264	-36.71985684966
0.588392261507672	-36.7198567563982
0.589392928619079	-36.719856659457
0.590393595730487	-36.7198565586913
0.591394262841895	-36.7198564539502
0.592394929953302	-36.7198563450769
0.59339559706471	-36.7198562319083
0.594396264176117	-36.7198561142751
0.595396931287525	-36.719855992001
0.596397598398933	-36.719855864903
0.59739826551034	-36.7198557327907
0.598398932621748	-36.7198555954664
0.599399599733155	-36.7198554527244
0.600400266844563	-36.719855304351
0.601400933955971	-36.7198551501239
0.602401601067378	-36.7198549898124
0.603402268178786	-36.7198548231762
0.604402935290194	-36.719854649966
0.605403602401601	-36.7198544699224
0.606404269513009	-36.7198542827756
0.607404936624416	-36.7198540882457
0.608405603735824	-36.7198538860411
0.609406270847232	-36.7198536758593
0.610406937958639	-36.7198534573854
0.611407605070047	-36.7198532302923
0.612408272181454	-36.71985299424
0.613408939292862	-36.719852748875
0.61440960640427	-36.7198524938299
0.615410273515677	-36.7198522287229
0.616410940627085	-36.7198519531569
0.617411607738492	-36.7198516667193
0.6184122748499	-36.7198513689813
0.619412941961308	-36.719851059497
0.620413609072715	-36.719850737803
0.621414276184123	-36.7198504034176
0.62241494329553	-36.7198500558401
0.623415610406938	-36.71984969455
0.624416277518346	-36.7198493190064
0.625416944629753	-36.719848928647
0.626417611741161	-36.7198485228871
0.627418278852568	-36.7198481011194
0.628418945963976	-36.7198476627121
0.629419613075384	-36.7198472070089
0.630420280186791	-36.7198467333275
0.631420947298199	-36.7198462409584
0.632421614409606	-36.7198457291645
0.633422281521014	-36.7198451971795
0.634422948632422	-36.7198446442067
0.635423615743829	-36.7198440694181
0.636424282855237	-36.7198434719531
0.637424949966644	-36.7198428509171
0.638425617078052	-36.7198422053801
0.63942628418946	-36.7198415343755
0.640426951300867	-36.7198408368986
0.641427618412275	-36.719840111905
0.642428285523682	-36.7198393583091
0.64342895263509	-36.7198385749825
0.644429619746498	-36.7198377607523
0.645430286857905	-36.7198369143993
0.646430953969313	-36.7198360346562
0.64743162108072	-36.7198351202057
0.648432288192128	-36.7198341696784
0.649432955303536	-36.7198331816512
0.650433622414943	-36.7198321546446
0.651434289526351	-36.7198310871207
0.652434956637759	-36.7198299774811
0.653435623749166	-36.7198288240643
0.654436290860574	-36.7198276251432
0.655436957971981	-36.7198263789225
0.656437625083389	-36.7198250835362
0.657438292194797	-36.7198237370446
0.658438959306204	-36.7198223374315
0.659439626417612	-36.7198208826012
0.660440293529019	-36.7198193703753
0.661440960640427	-36.7198177984894
0.662441627751835	-36.7198161645899
0.663442294863242	-36.7198144662301
0.66444296197465	-36.719812700867
0.665443629086057	-36.7198108658572
0.666444296197465	-36.7198089584531
0.667444963308873	-36.7198069757984
0.66844563042028	-36.7198049149246
0.669446297531688	-36.7198027727456
0.670446964643095	-36.7198005460539
0.671447631754503	-36.7197982315152
0.672448298865911	-36.719795825664
0.673448965977318	-36.7197933248976
0.674449633088726	-36.7197907254716
0.675450300200133	-36.7197880234936
0.676450967311541	-36.7197852149178
0.677451634422949	-36.7197822955387
0.678452301534356	-36.719779260985
0.679452968645764	-36.7197761067128
0.680453635757171	-36.7197728279989
0.681454302868579	-36.719769419934
0.682454969979987	-36.7197658774149
0.683455637091394	-36.7197621951372
0.684456304202802	-36.7197583675871
0.685456971314209	-36.7197543890333
0.686457638425617	-36.7197502535186
0.687458305537025	-36.7197459548506
0.688458972648432	-36.7197414865925
0.68945963975984	-36.7197368420537
0.690460306871247	-36.7197320142796
0.691460973982655	-36.7197269960413
0.692461641094063	-36.7197217798246
0.69346230820547	-36.719716357819
0.694462975316878	-36.7197107219057
0.695463642428286	-36.7197048636456
0.696464309539693	-36.7196987742668
0.697464976651101	-36.7196924446513
0.698465643762508	-36.7196858653212
0.699466310873916	-36.7196790264249
0.700466977985324	-36.7196719177221
0.701467645096731	-36.7196645285684
0.702468312208139	-36.7196568478995
0.703468979319546	-36.7196488642146
0.704469646430954	-36.7196405655593
0.705470313542362	-36.7196319395073
0.706470980653769	-36.7196229731424
0.707471647765177	-36.7196136530384
0.708472314876584	-36.71960396524
0.709472981987992	-36.7195938952407
0.7104736490994	-36.7195834279622
0.711474316210807	-36.719572547731
0.712474983322215	-36.7195612382555
0.713475650433622	-36.7195494826011
0.71447631754503	-36.7195372631655
0.715476984656438	-36.7195245616515
0.716477651767845	-36.7195113590403
0.717478318879253	-36.7194976355627
0.71847898599066	-36.7194833706697
0.719479653102068	-36.7194685430015
0.720480320213476	-36.7194531303555
0.721480987324883	-36.7194371096534
0.722481654436291	-36.7194204569063
0.723482321547698	-36.7194031471789
0.724482988659106	-36.7193851545522
0.725483655770514	-36.7193664520845
0.726484322881921	-36.7193470117713
0.727484989993329	-36.7193268045035
0.728485657104736	-36.7193058000233
0.729486324216144	-36.7192839668791
0.730486991327552	-36.7192612723789
0.731487658438959	-36.7192376825404
0.732488325550367	-36.7192131620412
0.733488992661774	-36.7191876741649
0.734489659773182	-36.7191611807468
0.73549032688459	-36.7191336421166
0.736490993995997	-36.7191050170387
0.737491661107405	-36.7190752626508
0.738492328218812	-36.7190443343998
0.73949299533022	-36.7190121859746
0.740493662441628	-36.7189787692372
0.741494329553035	-36.7189440341505
0.742494996664443	-36.7189079287032
0.743495663775851	-36.7188703988321
0.744496330887258	-36.7188313883413
0.745496997998666	-36.7187908388176
0.746497665110073	-36.7187486895436
0.747498332221481	-36.7187048774062
0.748498999332889	-36.7186593368026
0.749499666444296	-36.7186119995416
0.750500333555704	-36.718562794742
0.751501000667111	-36.718511648726
0.752501667778519	-36.7184584849094
0.753502334889927	-36.7184032236861
0.754503002001334	-36.71834578231
0.755503669112742	-36.71828607477
0.756504336224149	-36.718224011662
0.757505003335557	-36.7181595000546
0.758505670446965	-36.7180924433504
0.759506337558372	-36.7180227411406
0.76050700466978	-36.7179502890554
0.761507671781188	-36.7178749786073
0.762508338892595	-36.717796697029
0.763509006004003	-36.717715327104
0.76450967311541	-36.7176307469917
0.765510340226818	-36.7175428300444
0.766511007338226	-36.717451444618
0.767511674449633	-36.7173564538751
0.768512341561041	-36.7172577155795
0.769513008672448	-36.7171550818835
0.770513675783856	-36.7170483991069
0.771514342895264	-36.716937507506
0.772515010006671	-36.7168222410356
0.773515677118079	-36.716702427099
0.774516344229486	-36.7165778862909
0.775517011340894	-36.7164484321278
0.776517678452302	-36.716313870769
0.777518345563709	-36.7161740007268
0.778519012675117	-36.7160286125642
0.779519679786524	-36.7158774885816
0.780520346897932	-36.7157204024906
0.78152101400934	-36.7155571190757
0.782521681120747	-36.7153873938415
0.783522348232155	-36.7152109726467
0.784523015343562	-36.7150275913239
0.78552368245497	-36.7148369752838
0.786524349566378	-36.7146388391039
0.787525016677785	-36.7144328861015
0.788525683789193	-36.714218807889
0.7895263509006	-36.7139962839127
0.790527018012008	-36.7137649809721
0.791527685123416	-36.7135245527216
0.792528352234823	-36.7132746391516
0.793529019346231	-36.7130148660495
0.794529686457638	-36.7127448444393
0.795530353569046	-36.7124641699992
0.796531020680454	-36.7121724224563
0.797531687791861	-36.7118691649571
0.798532354903269	-36.7115539434135
0.799533022014676	-36.7112262858228
0.800533689126084	-36.7108857015608
0.801534356237492	-36.7105316806477
0.802535023348899	-36.7101636929838
0.803535690460307	-36.709781187556
0.804536357571714	-36.7093835916128
0.805537024683122	-36.7089703098069
0.80653769179453	-36.7085407233032
0.807538358905937	-36.7080941888524
0.808539026017345	-36.7076300378283
0.809539693128753	-36.7071475752257
0.81054036024016	-36.7066460786206
0.811541027351568	-36.7061247970879
0.812541694462975	-36.7055829500772
0.813542361574383	-36.7050197262442
0.814543028685791	-36.7044342822352
0.815543695797198	-36.7038257414252
0.816544362908606	-36.7031931926045
0.817545030020013	-36.7025356886146
0.818545697131421	-36.70185224493
0.819546364242829	-36.7011418381839
0.820547031354236	-36.7004034046358
0.821547698465644	-36.699635838579
0.822548365577051	-36.6988379906842
0.823549032688459	-36.6980086662797
0.824549699799867	-36.6971466235614
0.825550366911274	-36.6962505717339
0.826551034022682	-36.6953191690778
0.827551701134089	-36.6943510209405
0.828552368245497	-36.6933446776478
0.829553035356905	-36.6922986323331
0.830553702468312	-36.6912113186817
0.83155436957972	-36.6900811085845
0.832555036691127	-36.6889063097012
0.833555703802535	-36.6876851629251
0.834556370913943	-36.6864158397501
0.83555703802535	-36.6850964395319
0.836557705136758	-36.6837249866427
0.837558372248165	-36.6822994275127
0.838559039359573	-36.680817627555
0.839559706470981	-36.6792773679695
0.840560373582388	-36.6776763424206
0.841561040693796	-36.6760121535835
0.842561707805203	-36.6742823095549
0.843562374916611	-36.6724842201215
0.844563042028019	-36.6706151928814
0.845563709139426	-36.6686724292127
0.846564376250834	-36.6666530200829
0.847565043362241	-36.6645539416931
0.848565710473649	-36.6623720509502
0.849566377585057	-36.6601040807604
0.850567044696464	-36.6577466351375
0.851567711807872	-36.6552961841174
0.85256837891928	-36.6527490584727
0.853569046030687	-36.6501014442187
0.854569713142095	-36.647349376902
0.855570380253502	-36.6444887356647
0.85657104736491	-36.6415152370737
0.857571714476318	-36.6384244287069
0.858572381587725	-36.6352116824863
0.859573048699133	-36.6318721877479
0.86057371581054	-36.6284009440386
0.861574382921948	-36.6247927536288
0.862575050033356	-36.6210422137289
0.863575717144763	-36.6171437083999
0.864576384256171	-36.6130914001441
0.865577051367578	-36.6088792211642
0.866577718478986	-36.6045008642774
0.867578385590394	-36.5999497734716
0.868579052701801	-36.5952191340883
0.869579719813209	-36.5903018626188
0.870580386924616	-36.5851905960972
0.871581054036024	-36.579877681076
0.872581721147432	-36.5743551621652
0.873582388258839	-36.568614770121
0.874583055370247	-36.562647909463
0.875583722481654	-36.5564456456042
0.876584389593062	-36.5499986914721
0.87758505670447	-36.5432973936029
0.878585723815877	-36.5363317176865
0.879586390927285	-36.5290912335416
0.880587058038692	-36.5215650994979
0.8815877251501	-36.5137420461617
0.882588392261508	-36.5056103595423
0.883589059372915	-36.497157863511
0.884589726484323	-36.4883719015693
0.88559039359573	-36.4792393178976
0.886591060707138	-36.4697464376559
0.887591727818546	-36.4598790465077
0.888592394929953	-36.4496223693355
0.889593062041361	-36.4389610481177
0.890593729152768	-36.4278791189313
0.891594396264176	-36.4163599880484
0.892595063375584	-36.4043864070892
0.893595730486991	-36.3919404471948
0.894596397598399	-36.3790034721813
0.895597064709806	-36.3655561106342
0.896597731821214	-36.3515782269024
0.897598398932622	-36.337048890948
0.898599066044029	-36.3219463470059
0.899599733155437	-36.3062479810079
0.900600400266845	-36.2899302867203
0.901601067378252	-36.2729688305476
0.90260173448966	-36.2553382149452
0.903602401601067	-36.2370120403907
0.904603068712475	-36.217962865854
0.905603735823883	-36.1981621677076
0.90660440293529	-36.1775802970166
0.907605070046698	-36.1561864351433
0.908605737158105	-36.1339485476
0.909606404269513	-36.1108333360822
0.910607071380921	-36.086806188608
0.911607738492328	-36.0618311276919
0.912608405603736	-36.0358707564731
0.913609072715143	-36.0088862027182
0.914609739826551	-35.9808370606156
0.915610406937959	-35.9516813302733
0.916611074049366	-35.9213753548289
0.917611741160774	-35.8898737550798
0.918612408272181	-35.8571293615337
0.919613075383589	-35.8230931437782
0.920613742494997	-35.7877141370647
0.921614409606404	-35.7509393659951
0.922615076717812	-35.7127137651982
0.92361574382922	-35.6729800968765
0.924616410940627	-35.6316788651004
0.925617078052035	-35.5887482267203
0.926617745163442	-35.5441238987656
0.92761841227485	-35.4977390621883
0.928619079386258	-35.4495242618112
0.929619746497665	-35.3994073023275
0.930620413609073	-35.3473131401979
0.93162108072048	-35.2931637712828
0.932621747831888	-35.2368781140414
0.933622414943296	-35.1783718881228
0.934623082054703	-35.1175574881674
0.935623749166111	-35.054343852629
0.936624416277518	-34.9886363274226
0.937625083388926	-34.9203365241924
0.938625750500334	-34.8493421729877
0.939626417611741	-34.7755469691276
0.940627084723149	-34.6988404140238
0.941627751834556	-34.6191076497231
0.942628418945964	-34.536229286923
0.943629086057372	-34.4500812262022
0.944629753168779	-34.3605344721977
0.945630420280187	-34.2674549404514
0.946631087391594	-34.1707032566363
0.947631754503002	-34.0701345478619
0.94863242161441	-33.9655982257459
0.949633088725817	-33.8569377609282
0.950633755837225	-33.7439904486889
0.951634422948632	-33.6265871653192
0.95263509006004	-33.5045521148807
0.953635757171448	-33.3777025659749
0.954636424282855	-33.2458485781264
0.955637091394263	-33.1087927173723
0.95663775850567	-32.9663297606309
0.957638425617078	-32.818246388407
0.958639092728486	-32.6643208653745
0.959639759839893	-32.5043227083564
0.960640426951301	-32.338012341207
0.961641094062708	-32.1651407360784
0.962641761174116	-31.9854490405336
0.963642428285524	-31.7986681899494
0.964643095396931	-31.6045185046277
0.965643762508339	-31.4027092710118
0.966644429619747	-31.1929383063814
0.967645096731154	-30.9748915063736
0.968645763842562	-30.7482423746532
0.969646430953969	-30.5126515340272
0.970647098065377	-30.2677662182726
0.971647765176785	-30.0132197439154
0.972648432288192	-29.7486309611701
0.9736490993996	-29.4736036832185
0.974649766511007	-29.1877260929721
0.975650433622415	-28.8905701264301
0.976651100733823	-28.5816908317105
0.97765176784523	-28.2606257027927
0.978652434956638	-27.9268939869758
0.979653102068045	-27.5799959650157
0.980653769179453	-27.2194122028599
0.981654436290861	-26.8446027738649
0.982655103402268	-26.4550064503266
0.983655770513676	-26.0500398631155
0.984656437625083	-25.629096628159
0.985657104736491	-25.1915464384607
0.986657771847899	-24.7367341202993
0.987658438959306	-24.2639786521917
0.988659106070714	-23.7725721451534
0.989659773182121	-23.2617787827284
0.990660440293529	-22.7308337192005
0.991661107404937	-22.1789419343379
0.992661774516344	-21.6052770429554
0.993662441627752	-21.0089800575113
0.994663108739159	-20.3891581018872
0.995663775850567	-19.744883074423
0.996664442961975	-19.0751902582079
0.997665110073382	-18.3790768765431
0.99866577718479	-17.6555005914167
0.999666444296197	-16.9033779427398
1.00066711140761	-16.1215827260072
1.00166777851901	-15.3089443059557
1.00266844563042	-14.4642458636911
1.00366911274183	-13.586222574663
1.00466977985324	-12.6735597147561
1.00567044696464	-11.724890691666
1.00667111407605	-10.7387949986047
1.00767178118746	-9.7137960872809
1.00867244829887	-8.64835915696291
1.00967311541027	-7.54088885631689
1.01067378252168	-6.3897268945793
1.01167444963309	-5.19314955848369
1.0126751167445	-3.94936513122901
1.0136757838559	-2.65651120961846
1.01467645096731	-1.31265191535682
1.01567711807872	0.0842250036715342
1.01667778519013	1.53621118648531
1.01767845230153	3.04548079096055
1.01867911941294	4.6142937493446
1.01967978652435	6.24499915220756
1.02068045363576	7.94003876589332
1.02168112074716	9.70195068874629
1.02268178785857	11.5333731515767
1.02368245496998	13.4370484680639
1.02468312208139	15.4158271410105
1.0256837891928	17.4726721305912
1.0266844563042	19.6106632909999
1.02768512341561	21.8330019821219
1.02868579052702	24.1430158631497
1.02968645763843	26.544163875312
1.03068712474983	29.0400414211855
1.03168779186124	31.6343857483322
1.03268845897265	34.3310815453386
1.03368912608406	37.1341667586225
1.03468979319546	40.0478386387272
1.03569046030687	43.0764600251462
1.03669112741828	46.2245658791067
1.03769179452969	49.4968700740719
1.03869246164109	52.8982724541462
1.0396931287525	56.4338661709469
1.04069379586391	60.1089453099221
1.04169446297532	63.9290128175531
1.04269513008672	67.8997887412869
1.04369579719813	72.0272187945542
1.04469646430954	76.31748325969
1.04569713142095	80.7770062420922
1.04669779853235	85.4124652894746
1.04769846564376	90.2308013906127
1.04869913275517	95.2392293685564
1.04969979986658	100.445248683882
1.05070046697799	105.856654664141
1.05170113408939	111.481550176337
1.0527018012008	117.328357759901
1.05370246831221	123.405832238336
1.05470313542362	129.723073828405
1.05570380253502	136.289541766508
1.05670446964643	143.115068472647
1.05770513675784	150.209874273172
1.05870580386925	157.584582704375
1.05970647098065	165.250236419837
1.06070713809206	173.218313725335
1.06170780520347	181.500745766109
1.06270847231488	190.109934392167
1.06370913942628	199.05877072842
1.06470980653769	208.36065447745
1.0657104736491	218.029513983791
1.06671114076051	228.079827089787
1.06771180787191	238.526642814262
1.06871247498332	249.385603886432
1.06971314209473	260.672970168837
1.07071380920614	272.405643004328
1.07171447631755	284.601190523622
1.07271514342895	297.277873951236
1.07371581054036	310.454674949284
1.07471647765177	324.151324040006
1.07571714476318	338.388330149614
1.07671781187458	353.187011317722
1.07771847898599	368.569526618289
1.0787191460974	384.558909339918
1.07971981320881	401.179101475156
1.08072048032021	418.454989570481
1.08172114743162	436.412441990631
1.08272181454303	455.078347653051
1.08372248165444	474.480656290518
1.08472314876584	494.648420302185
1.08572381587725	515.611838255681
1.08672448298866	537.402300105537
1.08772515010007	560.052434195472
1.08872581721147	583.596156115044
1.08972648432288	608.068719483775
1.09072715143429	633.506768738793
1.0917278185457	659.948394005042
1.0927284856571	687.433188130245
1.09372915276851	716.002305969948
1.09472981987992	745.698526011509
1.09573048699133	776.566314429214
1.09673115410274	808.65189166655
1.09773182121414	842.003301645203
1.09873248832555	876.670483704483
1.09973315543696	912.70534737894
1.10073382254837	950.161850126008
1.10173448965977	989.096078120195
1.10273515677118	1029.56633023476
1.10373582388259	1071.63320533655
1.104736490994	1115.35969302488
1.1057371581054	1160.81126795001
1.10673782521681	1208.05598785299
1.10773849232822	1257.16459547303
1.10873915943963	1308.21062447544
1.10973982655103	1361.27050955867
1.11074049366244	1416.42370090506
1.11174116077385	1473.75278314715
1.11274182788526	1533.34359902721
1.11374249499666	1595.28537793545
1.11474316210807	1659.67086951923
1.11574382921948	1726.59648256349
1.11674449633089	1796.16242935013
1.11774516344229	1868.47287571275
1.1187458305537	1943.6360970112
1.11974649766511	2021.76464025974
1.12074716477652	2102.97549265119
1.12174783188793	2187.39025673001
1.12274849899933	2275.13533247599
1.12374916611074	2366.34210657156
1.12474983322215	2461.14714913607
1.12575050033356	2559.69241822138
1.12675116744496	2662.12547237557
1.12775183455637	2768.59969159223
1.12875250166778	2879.2745069769
1.12975316877919	2994.31563947392
1.13075383589059	3113.89534801198
1.131754503002	3238.192687439
1.13275517011341	3367.39377663308
1.13375583722482	3501.69207719117
1.13475650433622	3641.28868311221
1.13575717144763	3786.3926219088
1.13675783855904	3937.22116759848
1.13775850567045	4094.00016604288
1.13875917278185	4256.96437312213
1.13975983989326	4426.35780625068
1.14076050700467	4602.4341097615
1.14176117411608	4785.4569347048
1.14276184122748	4975.70033363083
1.14376250833889	5173.44917094745
1.1447631754503	5378.99954946677
1.14576384256171	5592.65925378048
1.14676450967312	5814.74821112643
1.14776517678452	6045.59897043762
1.14876584389593	6285.5572002902
1.14976651100734	6534.98220649673
1.15076717811875	6794.24747011936
1.15176784523015	7063.74120670818
1.15276851234156	7343.86694760314
1.15376917945297	7635.04414416892
1.15476984656438	7937.70879586783
1.15577051367578	8252.31410311188
1.15677118078719	8579.33114587043
1.1577718478986	8919.24958905038
1.15877251501001	9272.57841570494
1.15977318212141	9639.84668916815
1.16077384923282	10021.6043452582
1.16177451634423	10418.4230157333
1.16277518345564	10830.8968842352
1.16377585056704	11259.6435760004
1.16477651767845	11705.3050826729
1.16577718478986	12168.5487236021
1.16677785190127	12650.0681450651
1.16777851901268	13150.5843589111
1.16877918612408	13670.8468221813
1.16977985323549	14211.6345593217
1.1707805203469	14773.7573286701
1.17178118745831	15358.0568349621
1.17278185456971	15965.4079896732
1.17378252168112	16596.7202210831
1.17478318879253	17252.9388360246
1.17578385590394	17935.0464353563
1.17678452301534	18644.0643852779
1.17778519012675	19381.0543466907
1.17878585723816	20147.1198648961
1.17978652434957	20943.4080220071
1.18078719146097	21771.111154555
1.18178785857238	22631.4686388549
1.18278852568379	23525.7687468076
1.1837891927952	24455.3505749188
1.1847898599066	25421.6060494179
1.18579052701801	26425.9820104845
1.18679119412942	27469.9823787013
1.18779186124083	28555.1704069766
1.18879252835223	29683.1710213096
1.18979319546364	30855.6732539013
1.19079386257505	32074.4327722604
1.19179452968646	33341.2745080815
1.19279519679787	34658.0953898411
1.19379586390927	36026.8671831972
1.19479653102068	37449.6394434482
1.19579719813209	38928.5425844726
1.1967978652435	40465.7910687426
1.1977985323549	42063.6867231887
1.19879919946631	43724.622185884
1.19979986657772	45451.084488702
1.20080053368913	47245.6587813213
1.20180120080053	49111.0322021439
1.20280186791194	51049.997901933
1.20380253502335	53065.4592261873
1.20480320213476	55160.4340625156
1.20580386924616	57338.0593595301
1.20680453635757	59601.5958240103
1.20780520346898	61954.4328033821
1.20880587058039	64400.0933608201
1.20980653769179	66942.2395505661
1.2108072048032	69584.677901378
1.21180787191461	72331.3651163014
1.21280853902602	75186.413997312
1.21380920613743	78154.0996036924
1.21480987324883	81238.8656533726
1.21581054036024	84445.3311768103
1.21681120747165	87778.2974333783
1.21781187458306	91242.7551006211
1.21881254169446	94843.8917471351
1.21981320880587	98587.0996002642
1.22081387591728	102477.983620257
1.22181454302869	106522.369892952
1.22281521014009	110726.31435357
1.2238158772515	115096.111854687
1.22481654436291	119638.305591933
1.22581721147432	124359.69690158
1.22681787858572	129267.355444634
1.22781854569713	134368.629792728
1.22881921280854	139671.158431638
1.22981987991995	145182.881198898
1.23082054703135	150912.051172679
1.23182121414276	156867.247029669
1.23282188125417	163057.385890518
1.23382254836558	169491.736672051
1.23482321547698	176179.933966241
1.23582388258839	183131.992466752
1.2368245496998	190358.321964613
1.23782521681121	197869.742935514
1.23882588392262	205677.502742038
1.23982655103402	213793.292475099
1.24082721814543	222229.264459822
1.24182788525684	230998.050452036
1.24282855236825	240112.78055267
1.24382921947965	249587.102868347
1.24482988659106	259435.203947613
1.24583055370247	269671.830023443
1.24683122081388	280312.309093767
1.24783188792528	291372.57387313
1.24883255503669	302869.185649828
1.2498332221481	314819.359084258
1.25083388925951	327240.987985605
1.25183455637091	340152.672105449
1.25283522348232	353573.744988459
1.25383589059373	367524.302921816
1.25483655770514	382025.235026748
1.25583722481654	397098.254537251
1.25683789192795	412765.931312787
1.25783855903936	429051.725633659
1.25883922615077	445980.023329715
1.25983989326217	463576.172294887
1.26084056037358	481866.520442337
1.26184122748499	500878.455156978
1.2628418945964	520640.444304475
1.26384256170781	541182.078858109
1.26484322881921	562534.117207366
1.26584389593062	584728.531214585
1.26684456304203	607798.554088574
1.26784523015344	631778.730146988
1.26884589726484	656704.966541886
1.26984656437625	682614.587025924
1.27084723148766	709546.387839804
1.27184789859907	737540.695804499
1.27284856571047	766639.428705356
1.27384923282188	796886.15805846
1.27484989993329	828326.174353212
1.2758505670447	861006.554868907
1.2768512341561	894976.234166702
1.27785190126751	930286.077362716
1.27885256837892	966988.956291817
1.27985323549033	1005139.8286762
1.28085390260173	1044795.82041737
1.28185456971314	1086016.31113465
1.28285523682455	1128863.02307826
1.28385590393596	1173400.11355036
1.28485657104736	1219694.27097205
1.28585723815877	1267814.81474054
1.28685790527018	1317833.79902582
1.28785857238159	1369826.12066224
1.288859239493	1423869.6312967
1.2898599066044	1480045.25396111
1.29086057371581	1538437.10424413
1.29186124082722	1599132.61624304
1.29286190793863	1662222.67348484
1.29386257505003	1727801.74501234
1.29486324216144	1795968.02683901
1.29586390927285	1866823.58898474
1.29686457638426	1940474.52831208
1.29786524349566	2017031.12739237
1.29886591060707	2096608.01963937
1.29986657771848	2179324.36095759
1.30086724482989	2265304.0081627
1.30186791194129	2354675.70444061
1.3028685790527	2447573.27212356
1.30386924616411	2544135.81307136
1.30486991327552	2644507.91695801
1.30587058038692	2748839.87777583
1.30687124749833	2857287.91888081
1.30787191460974	2970014.42691646
1.30887258172115	3087188.19496652
1.30987324883256	3208984.67530011
1.31087391594396	3335586.24208866
1.31187458305537	3467182.46448702
1.31287525016678	3603970.39048831
1.31387591727819	3746154.8419773
1.31487658438959	3893948.72142416
1.315877251501	4047573.33067791
1.31687791861241	4207258.70233675
1.31787858572382	4373243.94419141
1.31887925283522	4545777.59725779
1.31987991994663	4725118.00793407
1.32088058705804	4911533.71484064
1.32188125416945	5105303.85092117
1.32288192128085	5306718.56140734
1.32388258839226	5516079.43827325
1.32488325550367	5733699.97182926
1.32588392261508	5959906.02013288
1.32688458972648	6195036.29691795
1.32788525683789	6439442.87877389
1.3288859239493	6693491.73233403
1.32988659106071	6957563.26226203
1.33088725817211	7232052.8808583
1.33188792528352	7517371.60013743
1.33288859239493	7813946.64726441
1.33388925950634	8122222.10427133
1.33488992661775	8442659.57301123
1.33589059372915	8775738.86634652
1.33689126084056	9121958.72660495
1.33789192795197	9481837.57238094
1.33889259506338	9855914.27479891
1.33989326217478	10244748.9644015
1.34089392928619	10648923.8698717
1.3418945963976	11069044.1898431
1.34289526350901	11505738.9991054
1.34389593062041	11959662.1905607
1.34489659773182	12431493.4543417
1.34589726484323	12921939.295559
1.34689793195464	13431734.0921983
1.34789859906604	13961641.1947549
1.34889926617745	14512454.0692511
1.34989993328886	15084997.4853459
1.35090060040027	15680128.7513197
1.35190126751167	16298738.9977798
1.35290193462308	16941754.5120113
1.35390260173449	17610138.1249705
1.3549032688459	18304890.6529962
1.3559039359573	19027052.3964019
1.35690460306871	19777704.6971867
1.35790527018012	20557971.5582036
1.35890593729153	21369021.3262049
1.35990660440294	22212068.4412874
1.36090727151434	23088375.2553572
1.36190793862575	23999253.9223336
1.36290860573716	24946068.3629288
1.36390927284857	25930236.3069374
1.36490993995997	26953231.4161006
1.36591060707138	28016585.49072
1.36691127418279	29121890.7633285
1.3679119412942	30270802.282845
1.3689126084056	31465040.3927963
1.36991327551701	32706393.3072995
1.37091394262842	33996719.7886826
1.37191460973983	35337951.9307318
1.37291527685123	36732098.0517482
1.37391594396264	38181245.7017419
1.37491661107405	39687564.7882595
1.37591727818546	41253310.8255364
1.37691794529686	42880828.3118323
1.37791861240827	44572554.240008
1.37891927951968	46331021.7465995
1.37991994663109	48158863.9048583
1.38092061374249	50058817.6674288
1.3819212808539	52033727.9645779
1.38292194796531	54086551.9640983
1.38392261507672	56220363.4992808
1.38492328218813	58438357.671572
1.38592394929953	60743855.6348215
1.38692461641094	63140309.5682657
1.38792528352235	65631307.8457191
1.38892595063376	68220580.4086798
1.38992661774516	70912004.3514384
1.39092728485657	73709609.7265052
1.39192795196798	76617585.5790859
1.39292861907939	79640286.2196281
1.39392928619079	82782237.7438206
1.3949299533022	86048144.8098286
1.39593062041361	89442897.6828998
1.39693128752502	92971579.5578908
1.39793195463642	96639474.1706791
1.39893262174783	100452073.709865
1.39993328885924	104415087.040596
1.40093395597065	108534448.252846
1.40193462308205	112816325.54692
1.40293529019346	117267130.469539
1.40393595730487	121893527.514266
1.40493662441628	126702444.100725
1.40593729152769	131701080.947483
1.40693795863909	136896922.854192
1.4079386257505	142297749.909072
1.40893929286191	147911649.138583
1.40993995997332	153747026.616672
1.41094062708472	159812620.051762
1.41194129419613	166117511.870324
1.41294196130754	172671142.816605
1.41394262841895	179483326.088902
1.41494329553035	186564262.03353
1.41594396264176	193924553.418505
1.41694462975317	201575221.309773
1.41794529686458	209527721.57383
1.41894596397598	217793962.031338
1.41994663108739	226386320.287546
1.4209472981988	235317662.266107
1.42194796531021	244601361.474109
1.42294863242161	254251319.027133
1.42394929953302	264281984.464341
1.42494996664443	274708377.384759
1.42595063375584	285546109.937154
1.42695130086724	296811410.197149
1.42795196797865	308521146.466642
1.42895263509006	320692852.531861
1.42995330220147	333344753.917888
1.43095396931288	346495795.179005
1.43195463642428	360165668.26563
1.43295530353569	374374842.010459
1.4339559706471	389144592.777786
1.43495663775851	404497036.322125
1.43595730486991	420455160.903574
1.43695797198132	437042861.709752
1.43795863909273	454284976.635652
1.43895930620414	472207323.475135
1.43995997331554	490836738.579674
1.44096064042695	510201117.042248
1.44196130753836	530329454.466566
1.44296197464977	551251890.384153
1.44396264176117	572999753.384339
1.44496330887258	595605608.024672
1.44596397598399	619103303.592087
1.4469646430954	643528024.787694
1.4479653102068	668916344.411302
1.44896597731821	695306278.124259
1.44996664442962	722737341.373024
1.45096731154103	751250608.558221
1.45196797865243	780888774.538231
1.45296864576384	811696218.559037
1.45396931287525	843719070.706343
1.45496997998666	877005280.979264
1.45597064709807	911604691.089182
1.45697131420947	947569109.091066
1.45797198132088	984952386.959239
1.45897264843229	1023810501.22362
1.4599733155437	1064201636.78719
1.4609739826551	1106186274.05021
1.46197464976651	1149827279.47161
1.46297531687792	1195189999.70331
1.46397598398933	1242342359.43811
1.46497665110073	1291354963.11807
1.46597731821214	1342301200.65525
1.46697798532355	1395257357.32354
1.46797865243496	1450302727.98566
1.46897931954636	1507519735.8269
1.46997998665777	1566994055.77285
1.47098065376918	1628814742.77645
1.47198132088059	1693074365.16591
1.47298198799199	1759869143.25361
1.4739826551034	1829299093.41336
1.47498332221481	1901468177.84178
1.47598398932622	1976484460.22784
1.47698465643762	2054460267.56408
1.47798532354903	2135512358.34154
1.47898599066044	2219762097.38006
1.47998665777185	2307335637.55616
1.48098732488326	2398364108.70039
1.48198799199466	2492983813.94689
1.48298865910607	2591336433.82942
1.48398932621748	2693569238.42922
1.48498999332889	2799835307.89255
1.48599066044029	2910293761.64816
1.4869913275517	3025109996.66738
1.48799199466311	3144455935.12467
1.48899266177452	3268510281.82787
1.48999332888592	3397458791.80569
1.49099399599733	3531494548.45095
1.49199466310874	3670818252.63761
1.49299533022015	3815638523.24404
1.49399599733155	3966172209.53203
1.49499666444296	4122644715.85008
1.49599733155437	4285290339.1467
1.49699799866578	4454352619.79932
1.49799866577718	4630084706.28365
1.49899933288859	4812749734.23024
1.5	5002621220.43555
