0	-41.9598393205124
0.00100066711140761	-41.9598393205124
0.00200133422281521	-41.9598393205124
0.00300200133422282	-41.9598393205124
0.00400266844563042	-41.9598393205124
0.00500333555703803	-41.9598393205124
0.00600400266844563	-41.9598393205124
0.00700466977985324	-41.9598393205124
0.00800533689126084	-41.9598393205124
0.00900600400266845	-41.9598393205124
0.0100066711140761	-41.9598393205124
0.0110073382254837	-41.9598393205124
0.0120080053368913	-41.9598393205124
0.0130086724482989	-41.9598393205124
0.0140093395597065	-41.9598393205124
0.0150100066711141	-41.9598393205124
0.0160106737825217	-41.9598393205124
0.0170113408939293	-41.9598393205124
0.0180120080053369	-41.9598393205124
0.0190126751167445	-41.9598393205124
0.0200133422281521	-41.9598393205124
0.0210140093395597	-41.9598393205124
0.0220146764509673	-41.9598393205124
0.0230153435623749	-41.9598393205123
0.0240160106737825	-41.9598393205123
0.0250166777851901	-41.9598393205123
0.0260173448965977	-41.9598393205123
0.0270180120080053	-41.9598393205123
0.0280186791194129	-41.9598393205123
0.0290193462308205	-41.9598393205123
0.0300200133422282	-41.9598393205123
0.0310206804536358	-41.9598393205123
0.0320213475650434	-41.9598393205123
0.033022014676451	-41.9598393205123
0.0340226817878586	-41.9598393205123
0.0350233488992662	-41.9598393205123
0.0360240160106738	-41.9598393205123
0.0370246831220814	-41.9598393205123
0.038025350233489	-41.9598393205123
0.0390260173448966	-41.9598393205123
0.0400266844563042	-41.9598393205123
0.0410273515677118	-41.9598393205123
0.0420280186791194	-41.9598393205123
0.043028685790527	-41.9598393205123
0.0440293529019346	-41.9598393205123
0.0450300200133422	-41.9598393205123
0.0460306871247498	-41.9598393205123
0.0470313542361574	-41.9598393205123
0.048032021347565	-41.9598393205123
0.0490326884589726	-41.9598393205123
0.0500333555703803	-41.9598393205123
0.0510340226817879	-41.9598393205123
0.0520346897931955	-41.9598393205123
0.0530353569046031	-41.9598393205122
0.0540360240160107	-41.9598393205122
0.0550366911274183	-41.9598393205122
0.0560373582388259	-41.9598393205122
0.0570380253502335	-41.9598393205122
0.0580386924616411	-41.9598393205122
0.0590393595730487	-41.9598393205122
0.0600400266844563	-41.9598393205122
0.0610406937958639	-41.9598393205122
0.0620413609072715	-41.9598393205122
0.0630420280186791	-41.9598393205122
0.0640426951300867	-41.9598393205122
0.0650433622414943	-41.9598393205122
0.0660440293529019	-41.9598393205122
0.0670446964643095	-41.9598393205121
0.0680453635757171	-41.9598393205121
0.0690460306871248	-41.9598393205121
0.0700466977985324	-41.9598393205121
0.07104736490994	-41.9598393205121
0.0720480320213476	-41.9598393205121
0.0730486991327552	-41.9598393205121
0.0740493662441628	-41.9598393205121
0.0750500333555704	-41.959839320512
0.076050700466978	-41.959839320512
0.0770513675783856	-41.959839320512
0.0780520346897932	-41.959839320512
0.0790527018012008	-41.959839320512
0.0800533689126084	-41.959839320512
0.081054036024016	-41.959839320512
0.0820547031354236	-41.9598393205119
0.0830553702468312	-41.9598393205119
0.0840560373582388	-41.9598393205119
0.0850567044696464	-41.9598393205119
0.086057371581054	-41.9598393205119
0.0870580386924616	-41.9598393205118
0.0880587058038692	-41.9598393205118
0.0890593729152769	-41.9598393205118
0.0900600400266845	-41.9598393205118
0.0910607071380921	-41.9598393205117
0.0920613742494997	-41.9598393205117
0.0930620413609073	-41.9598393205117
0.0940627084723149	-41.9598393205117
0.0950633755837225	-41.9598393205116
0.0960640426951301	-41.9598393205116
0.0970647098065377	-41.9598393205116
0.0980653769179453	-41.9598393205115
0.0990660440293529	-41.9598393205115
0.100066711140761	-41.9598393205115
0.101067378252168	-41.9598393205114
0.102068045363576	-41.9598393205114
0.103068712474983	-41.9598393205114
0.104069379586391	-41.9598393205113
0.105070046697799	-41.9598393205113
0.106070713809206	-41.9598393205112
0.107071380920614	-41.9598393205112
0.108072048032021	-41.9598393205112
0.109072715143429	-41.9598393205111
0.110073382254837	-41.9598393205111
0.111074049366244	-41.959839320511
0.112074716477652	-41.9598393205109
0.113075383589059	-41.9598393205109
0.114076050700467	-41.9598393205108
0.115076717811875	-41.9598393205108
0.116077384923282	-41.9598393205107
0.11707805203469	-41.9598393205106
0.118078719146097	-41.9598393205106
0.119079386257505	-41.9598393205105
0.120080053368913	-41.9598393205104
0.12108072048032	-41.9598393205103
0.122081387591728	-41.9598393205103
0.123082054703135	-41.9598393205102
0.124082721814543	-41.9598393205101
0.125083388925951	-41.95983932051
0.126084056037358	-41.9598393205099
0.127084723148766	-41.9598393205098
0.128085390260173	-41.9598393205097
0.129086057371581	-41.9598393205096
0.130086724482989	-41.9598393205095
0.131087391594396	-41.9598393205094
0.132088058705804	-41.9598393205092
0.133088725817211	-41.9598393205091
0.134089392928619	-41.959839320509
0.135090060040027	-41.9598393205089
0.136090727151434	-41.9598393205087
0.137091394262842	-41.9598393205086
0.13809206137425	-41.9598393205084
0.139092728485657	-41.9598393205083
0.140093395597065	-41.9598393205081
0.141094062708472	-41.9598393205079
0.14209472981988	-41.9598393205078
0.143095396931288	-41.9598393205076
0.144096064042695	-41.9598393205074
0.145096731154103	-41.9598393205072
0.14609739826551	-41.959839320507
0.147098065376918	-41.9598393205068
0.148098732488326	-41.9598393205065
0.149099399599733	-41.9598393205063
0.150100066711141	-41.9598393205061
0.151100733822548	-41.9598393205058
0.152101400933956	-41.9598393205056
0.153102068045364	-41.9598393205053
0.154102735156771	-41.959839320505
0.155103402268179	-41.9598393205047
0.156104069379586	-41.9598393205044
0.157104736490994	-41.9598393205041
0.158105403602402	-41.9598393205038
0.159106070713809	-41.9598393205034
0.160106737825217	-41.9598393205031
0.161107404936624	-41.9598393205027
0.162108072048032	-41.9598393205023
0.16310873915944	-41.9598393205019
0.164109406270847	-41.9598393205015
0.165110073382255	-41.9598393205011
0.166110740493662	-41.9598393205007
0.16711140760507	-41.9598393205002
0.168112074716478	-41.9598393204997
0.169112741827885	-41.9598393204992
0.170113408939293	-41.9598393204987
0.1711140760507	-41.9598393204982
0.172114743162108	-41.9598393204976
0.173115410273516	-41.959839320497
0.174116077384923	-41.9598393204964
0.175116744496331	-41.9598393204958
0.176117411607738	-41.9598393204951
0.177118078719146	-41.9598393204944
0.178118745830554	-41.9598393204937
0.179119412941961	-41.959839320493
0.180120080053369	-41.9598393204922
0.181120747164777	-41.9598393204914
0.182121414276184	-41.9598393204906
0.183122081387592	-41.9598393204897
0.184122748498999	-41.9598393204889
0.185123415610407	-41.9598393204879
0.186124082721815	-41.959839320487
0.187124749833222	-41.959839320486
0.18812541694463	-41.9598393204849
0.189126084056037	-41.9598393204838
0.190126751167445	-41.9598393204827
0.191127418278853	-41.9598393204815
0.19212808539026	-41.9598393204803
0.193128752501668	-41.9598393204791
0.194129419613075	-41.9598393204777
0.195130086724483	-41.9598393204764
0.196130753835891	-41.9598393204749
0.197131420947298	-41.9598393204735
0.198132088058706	-41.9598393204719
0.199132755170113	-41.9598393204703
0.200133422281521	-41.9598393204687
0.201134089392929	-41.959839320467
0.202134756504336	-41.9598393204652
0.203135423615744	-41.9598393204633
0.204136090727151	-41.9598393204614
0.205136757838559	-41.9598393204594
0.206137424949967	-41.9598393204573
0.207138092061374	-41.9598393204551
0.208138759172782	-41.9598393204528
0.209139426284189	-41.9598393204505
0.210140093395597	-41.959839320448
0.211140760507005	-41.9598393204455
0.212141427618412	-41.9598393204429
0.21314209472982	-41.9598393204401
0.214142761841227	-41.9598393204373
0.215143428952635	-41.9598393204343
0.216144096064043	-41.9598393204312
0.21714476317545	-41.959839320428
0.218145430286858	-41.9598393204247
0.219146097398266	-41.9598393204212
0.220146764509673	-41.9598393204176
0.221147431621081	-41.9598393204139
0.222148098732488	-41.95983932041
0.223148765843896	-41.959839320406
0.224149432955304	-41.9598393204018
0.225150100066711	-41.9598393203974
0.226150767178119	-41.9598393203929
0.227151434289526	-41.9598393203881
0.228152101400934	-41.9598393203832
0.229152768512342	-41.9598393203781
0.230153435623749	-41.9598393203729
0.231154102735157	-41.9598393203673
0.232154769846564	-41.9598393203616
0.233155436957972	-41.9598393203557
0.23415610406938	-41.9598393203495
0.235156771180787	-41.9598393203431
0.236157438292195	-41.9598393203364
0.237158105403602	-41.9598393203294
0.23815877251501	-41.9598393203222
0.239159439626418	-41.9598393203147
0.240160106737825	-41.9598393203069
0.241160773849233	-41.9598393202988
0.24216144096064	-41.9598393202904
0.243162108072048	-41.9598393202816
0.244162775183456	-41.9598393202725
0.245163442294863	-41.9598393202631
0.246164109406271	-41.9598393202532
0.247164776517678	-41.959839320243
0.248165443629086	-41.9598393202324
0.249166110740494	-41.9598393202213
0.250166777851901	-41.9598393202098
0.251167444963309	-41.9598393201979
0.252168112074716	-41.9598393201855
0.253168779186124	-41.9598393201726
0.254169446297532	-41.9598393201592
0.255170113408939	-41.9598393201453
0.256170780520347	-41.9598393201308
0.257171447631754	-41.9598393201157
0.258172114743162	-41.9598393201001
0.25917278185457	-41.9598393200838
0.260173448965977	-41.9598393200669
0.261174116077385	-41.9598393200493
0.262174783188793	-41.9598393200311
0.2631754503002	-41.9598393200121
0.264176117411608	-41.9598393199923
0.265176784523015	-41.9598393199718
0.266177451634423	-41.9598393199505
0.267178118745831	-41.9598393199283
0.268178785857238	-41.9598393199053
0.269179452968646	-41.9598393198813
0.270180120080053	-41.9598393198564
0.271180787191461	-41.9598393198305
0.272181454302869	-41.9598393198036
0.273182121414276	-41.9598393197757
0.274182788525684	-41.9598393197466
0.275183455637091	-41.9598393197164
0.276184122748499	-41.959839319685
0.277184789859907	-41.9598393196523
0.278185456971314	-41.9598393196184
0.279186124082722	-41.9598393195832
0.280186791194129	-41.9598393195465
0.281187458305537	-41.9598393195084
0.282188125416945	-41.9598393194688
0.283188792528352	-41.9598393194276
0.28418945963976	-41.9598393193848
0.285190126751167	-41.9598393193403
0.286190793862575	-41.9598393192941
0.287191460973983	-41.959839319246
0.28819212808539	-41.959839319196
0.289192795196798	-41.9598393191441
0.290193462308205	-41.9598393190901
0.291194129419613	-41.959839319034
0.292194796531021	-41.9598393189757
0.293195463642428	-41.9598393189151
0.294196130753836	-41.9598393188521
0.295196797865243	-41.9598393187866
0.296197464976651	-41.9598393187185
0.297198132088059	-41.9598393186477
0.298198799199466	-41.9598393185741
0.299199466310874	-41.9598393184977
0.300200133422282	-41.9598393184182
0.301200800533689	-41.9598393183356
0.302201467645097	-41.9598393182497
0.303202134756504	-41.9598393181604
0.304202801867912	-41.9598393180676
0.30520346897932	-41.9598393179712
0.306204136090727	-41.9598393178709
0.307204803202135	-41.9598393177667
0.308205470313542	-41.9598393176584
0.30920613742495	-41.9598393175458
0.310206804536358	-41.9598393174287
0.311207471647765	-41.9598393173071
0.312208138759173	-41.9598393171806
0.31320880587058	-41.9598393170492
0.314209472981988	-41.9598393169126
0.315210140093396	-41.9598393167705
0.316210807204803	-41.9598393166229
0.317211474316211	-41.9598393164695
0.318212141427618	-41.95983931631
0.319212808539026	-41.9598393161442
0.320213475650434	-41.9598393159718
0.321214142761841	-41.9598393157927
0.322214809873249	-41.9598393156065
0.323215476984656	-41.959839315413
0.324216144096064	-41.9598393152118
0.325216811207472	-41.9598393150027
0.326217478318879	-41.9598393147853
0.327218145430287	-41.9598393145594
0.328218812541694	-41.9598393143245
0.329219479653102	-41.9598393140804
0.33022014676451	-41.9598393138266
0.331220813875917	-41.9598393135629
0.332221480987325	-41.9598393132887
0.333222148098732	-41.9598393130037
0.33422281521014	-41.9598393127075
0.335223482321548	-41.9598393123996
0.336224149432955	-41.9598393120795
0.337224816544363	-41.9598393117468
0.33822548365577	-41.959839311401
0.339226150767178	-41.9598393110415
0.340226817878586	-41.9598393106679
0.341227484989993	-41.9598393102795
0.342228152101401	-41.9598393098758
0.343228819212809	-41.9598393094562
0.344229486324216	-41.95983930902
0.345230153435624	-41.9598393085666
0.346230820547031	-41.9598393080953
0.347231487658439	-41.9598393076054
0.348232154769847	-41.9598393070962
0.349232821881254	-41.9598393065669
0.350233488992662	-41.9598393060167
0.351234156104069	-41.9598393054449
0.352234823215477	-41.9598393048504
0.353235490326885	-41.9598393042325
0.354236157438292	-41.9598393035902
0.3552368245497	-41.9598393029226
0.356237491661107	-41.9598393022287
0.357238158772515	-41.9598393015074
0.358238825883923	-41.9598393007576
0.35923949299533	-41.9598392999782
0.360240160106738	-41.9598392991681
0.361240827218145	-41.959839298326
0.362241494329553	-41.9598392974507
0.363242161440961	-41.9598392965409
0.364242828552368	-41.9598392955952
0.365243495663776	-41.9598392946122
0.366244162775183	-41.9598392935904
0.367244829886591	-41.9598392925283
0.368245496997999	-41.9598392914242
0.369246164109406	-41.9598392902767
0.370246831220814	-41.9598392890838
0.371247498332221	-41.9598392878439
0.372248165443629	-41.9598392865551
0.373248832555037	-41.9598392852154
0.374249499666444	-41.9598392838229
0.375250166777852	-41.9598392823754
0.37625083388926	-41.9598392808708
0.377251501000667	-41.9598392793069
0.378252168112075	-41.9598392776812
0.379252835223482	-41.9598392759915
0.38025350233489	-41.9598392742351
0.381254169446298	-41.9598392724093
0.382254836557705	-41.9598392705116
0.383255503669113	-41.959839268539
0.38425617078052	-41.9598392664885
0.385256837891928	-41.9598392643572
0.386257505003336	-41.9598392621418
0.387258172114743	-41.9598392598389
0.388258839226151	-41.9598392574453
0.389259506337558	-41.9598392549571
0.390260173448966	-41.9598392523709
0.391260840560374	-41.9598392496826
0.392261507671781	-41.9598392468882
0.393262174783189	-41.9598392439836
0.394262841894596	-41.9598392409644
0.395263509006004	-41.9598392378261
0.396264176117412	-41.959839234564
0.397264843228819	-41.9598392311732
0.398265510340227	-41.9598392276486
0.399266177451634	-41.9598392239849
0.400266844563042	-41.9598392201768
0.40126751167445	-41.9598392162183
0.402268178785857	-41.9598392121038
0.403268845897265	-41.9598392078268
0.404269513008672	-41.9598392033812
0.40527018012008	-41.9598391987602
0.406270847231488	-41.9598391939568
0.407271514342895	-41.959839188964
0.408272181454303	-41.9598391837742
0.409272848565711	-41.9598391783796
0.410273515677118	-41.9598391727722
0.411274182788526	-41.9598391669436
0.412274849899933	-41.959839160885
0.413275517011341	-41.9598391545874
0.414276184122749	-41.9598391480414
0.415276851234156	-41.9598391412371
0.416277518345564	-41.9598391341644
0.417278185456971	-41.9598391268127
0.418278852568379	-41.9598391191709
0.419279519679787	-41.9598391112276
0.420280186791194	-41.9598391029709
0.421280853902602	-41.9598390943885
0.422281521014009	-41.9598390854675
0.423282188125417	-41.9598390761946
0.424282855236825	-41.9598390665558
0.425283522348232	-41.9598390565368
0.42628418945964	-41.9598390461225
0.427284856571047	-41.9598390352973
0.428285523682455	-41.9598390240451
0.429286190793863	-41.9598390123489
0.43028685790527	-41.9598390001913
0.431287525016678	-41.9598389875541
0.432288192128085	-41.9598389744183
0.433288859239493	-41.9598389607643
0.434289526350901	-41.9598389465716
0.435290193462308	-41.959838931819
0.436290860573716	-41.9598389164843
0.437291527685123	-41.9598389005447
0.438292194796531	-41.9598388839762
0.439292861907939	-41.9598388667541
0.440293529019346	-41.9598388488525
0.441294196130754	-41.9598388302447
0.442294863242161	-41.9598388109028
0.443295530353569	-41.9598387907978
0.444296197464977	-41.9598387698996
0.445296864576384	-41.959838748177
0.446297531687792	-41.9598387255973
0.447298198799199	-41.9598387021269
0.448298865910607	-41.9598386777305
0.449299533022015	-41.9598386523716
0.450300200133422	-41.9598386260123
0.45130086724483	-41.959838598613
0.452301534356237	-41.9598385701328
0.453302201467645	-41.959838540529
0.454302868579053	-41.9598385097573
0.45530353569046	-41.9598384777715
0.456304202801868	-41.9598384445239
0.457304869913276	-41.9598384099646
0.458305537024683	-41.9598383740419
0.459306204136091	-41.959838336702
0.460306871247498	-41.9598382978889
0.461307538358906	-41.9598382575446
0.462308205470314	-41.9598382156087
0.463308872581721	-41.9598381720183
0.464309539693129	-41.9598381267081
0.465310206804536	-41.9598380796104
0.466310873915944	-41.9598380306547
0.467311541027352	-41.9598379797675
0.468312208138759	-41.9598379268727
0.469312875250167	-41.9598378718912
0.470313542361574	-41.9598378147405
0.471314209472982	-41.9598377553352
0.47231487658439	-41.9598376935862
0.473315543695797	-41.959837629401
0.474316210807205	-41.9598375626837
0.475316877918612	-41.9598374933343
0.47631754503002	-41.9598374212489
0.477318212141428	-41.9598373463196
0.478318879252835	-41.9598372684341
0.479319546364243	-41.959837187476
0.48032021347565	-41.959837103324
0.481320880587058	-41.959837015852
0.482321547698466	-41.9598369249291
0.483322214809873	-41.9598368304191
0.484322881921281	-41.9598367321805
0.485323549032688	-41.9598366300662
0.486324216144096	-41.9598365239233
0.487324883255504	-41.959836413593
0.488325550366911	-41.9598362989099
0.489326217478319	-41.9598361797023
0.490326884589727	-41.9598360557918
0.491327551701134	-41.9598359269928
0.492328218812542	-41.9598357931124
0.493328885923949	-41.9598356539503
0.494329553035357	-41.9598355092979
0.495330220146765	-41.9598353589388
0.496330887258172	-41.9598352026477
0.49733155436958	-41.9598350401906
0.498332221480987	-41.9598348713244
0.499332888592395	-41.959834695796
0.500333555703803	-41.9598345133428
0.50133422281521	-41.9598343236915
0.502334889926618	-41.9598341265581
0.503335557038025	-41.9598339216474
0.504336224149433	-41.9598337086526
0.505336891260841	-41.9598334872548
0.506337558372248	-41.9598332571225
0.507338225483656	-41.959833017911
0.508338892595063	-41.9598327692623
0.509339559706471	-41.9598325108039
0.510340226817879	-41.9598322421488
0.511340893929286	-41.9598319628949
0.512341561040694	-41.9598316726239
0.513342228152101	-41.9598313709011
0.514342895263509	-41.9598310572749
0.515343562374917	-41.9598307312756
0.516344229486324	-41.959830392415
0.517344896597732	-41.9598300401858
0.518345563709139	-41.9598296740605
0.519346230820547	-41.9598292934909
0.520346897931955	-41.9598288979072
0.521347565043362	-41.959828486717
0.52234823215477	-41.9598280593046
0.523348899266177	-41.9598276150301
0.524349566377585	-41.9598271532281
0.525350233488993	-41.9598266732072
0.5263509006004	-41.9598261742487
0.527351567711808	-41.9598256556054
0.528352234823215	-41.9598251165006
0.529352901934623	-41.9598245561272
0.530353569046031	-41.9598239736462
0.531354236157438	-41.9598233681851
0.532354903268846	-41.9598227388376
0.533355570380253	-41.9598220846613
0.534356237491661	-41.9598214046765
0.535356904603069	-41.9598206978651
0.536357571714476	-41.9598199631687
0.537358238825884	-41.9598191994873
0.538358905937292	-41.9598184056773
0.539359573048699	-41.95981758055
0.540360240160107	-41.9598167228701
0.541360907271514	-41.9598158313532
0.542361574382922	-41.9598149046643
0.54336224149433	-41.9598139414159
0.544362908605737	-41.9598129401657
0.545363575717145	-41.9598118994144
0.546364242828552	-41.9598108176036
0.54736490993996	-41.9598096931135
0.548365577051368	-41.9598085242602
0.549366244162775	-41.9598073092936
0.550366911274183	-41.9598060463945
0.55136757838559	-41.9598047336717
0.552368245496998	-41.9598033691597
0.553368912608406	-41.9598019508153
0.554369579719813	-41.9598004765147
0.555370246831221	-41.9597989440503
0.556370913942628	-41.9597973511275
0.557371581054036	-41.9597956953611
0.558372248165444	-41.9597939742717
0.559372915276851	-41.9597921852824
0.560373582388259	-41.9597903257142
0.561374249499666	-41.9597883927828
0.562374916611074	-41.9597863835939
0.563375583722482	-41.9597842951388
0.564376250833889	-41.9597821242906
0.565376917945297	-41.9597798677985
0.566377585056704	-41.9597775222839
0.567378252168112	-41.9597750842345
0.56837891927952	-41.9597725499998
0.569379586390927	-41.959769915785
0.570380253502335	-41.9597671776459
0.571380920613742	-41.9597643314822
0.57238158772515	-41.9597613730324
0.573382254836558	-41.9597582978666
0.574382921947965	-41.95975510138
0.575383589059373	-41.9597517787863
0.57638425617078	-41.9597483251105
0.577384923282188	-41.959744735181
0.578385590393596	-41.9597410036225
0.579386257505003	-41.9597371248474
0.580386924616411	-41.9597330930477
0.581387591727819	-41.9597289021864
0.582388258839226	-41.9597245459883
0.583388925950634	-41.9597200179304
0.584389593062041	-41.9597153112327
0.585390260173449	-41.9597104188474
0.586390927284857	-41.9597053334488
0.587391594396264	-41.9597000474223
0.588392261507672	-41.9596945528527
0.589392928619079	-41.9596888415126
0.590393595730487	-41.9596829048501
0.591394262841895	-41.9596767339757
0.592394929953302	-41.9596703196494
0.59339559706471	-41.9596636522666
0.594396264176117	-41.9596567218438
0.595396931287525	-41.9596495180035
0.596397598398933	-41.959642029959
0.59739826551034	-41.9596342464979
0.598398932621748	-41.9596261559655
0.599399599733155	-41.9596177462473
0.600400266844563	-41.9596090047509
0.601400933955971	-41.9595999183869
0.602401601067378	-41.9595904735499
0.603402268178786	-41.9595806560973
0.604402935290194	-41.9595704513289
0.605403602401601	-41.9595598439643
0.606404269513009	-41.9595488181204
0.607404936624416	-41.9595373572875
0.608405603735824	-41.9595254443045
0.609406270847232	-41.9595130613333
0.610406937958639	-41.9595001898319
0.611407605070047	-41.9594868105271
0.612408272181454	-41.959472903385
0.613408939292862	-41.9594584475816
0.61440960640427	-41.9594434214712
0.615410273515677	-41.9594278025541
0.616410940627085	-41.9594115674432
0.617411607738492	-41.9593946918285
0.6184122748499	-41.9593771504409
0.619412941961308	-41.9593589170146
0.620413609072715	-41.9593399642474
0.621414276184123	-41.95932026376
0.62241494329553	-41.9592997860535
0.623415610406938	-41.9592785004654
0.624416277518346	-41.9592563751231
0.625416944629753	-41.959233376897
0.626417611741161	-41.9592094713502
0.627418278852568	-41.9591846226874
0.628418945963976	-41.9591587937008
0.629419613075384	-41.9591319457151
0.630420280186791	-41.9591040385289
0.631420947298199	-41.9590750303548
0.632421614409606	-41.9590448777571
0.633422281521014	-41.959013535586
0.634422948632422	-41.9589809569108
0.635423615743829	-41.9589470929494
0.636424282855237	-41.9589118929948
0.637424949966644	-41.9588753043398
0.638425617078052	-41.9588372721976
0.63942628418946	-41.9587977396202
0.640426951300867	-41.9587566474128
0.641427618412275	-41.9587139340451
0.642428285523682	-41.9586695355596
0.64342895263509	-41.9586233854753
0.644429619746498	-41.9585754146886
0.645430286857905	-41.9585255513696
0.646430953969313	-41.9584737208545
0.64743162108072	-41.9584198455339
0.648432288192128	-41.9583638447368
0.649432955303536	-41.9583056346091
0.650433622414943	-41.9582451279891
0.651434289526351	-41.9581822342759
0.652434956637759	-41.9581168592946
0.653435623749166	-41.9580489051546
0.654436290860574	-41.9579782701038
0.655436957971981	-41.9579048483753
0.656437625083389	-41.9578285300298
0.657438292194797	-41.9577492007907
0.658438959306204	-41.9576667418728
0.659439626417612	-41.9575810298049
0.660440293529019	-41.9574919362444
0.661440960640427	-41.9573993277855
0.662441627751835	-41.9573030657591
0.663442294863242	-41.9572030060256
0.66444296197465	-41.9570989987588
0.665443629086057	-41.9569908882214
0.666444296197465	-41.9568785125322
0.667444963308873	-41.9567617034234
0.66844563042028	-41.9566402859888
0.669446297531688	-41.9565140784217
0.670446964643095	-41.9563828917431
0.671447631754503	-41.956246529518
0.672448298865911	-41.9561047875621
0.673448965977318	-41.9559574536355
0.674449633088726	-41.955804307125
0.675450300200133	-41.955645118714
0.676450967311541	-41.9554796500388
0.677451634422949	-41.9553076533318
0.678452301534356	-41.9551288710506
0.679452968645764	-41.9549430354925
0.680453635757171	-41.954749868393
0.681454302868579	-41.95454908051
0.682454969979987	-41.9543403711901
0.683455637091394	-41.9541234279186
0.684456304202802	-41.9538979258515
0.685456971314209	-41.9536635273292
0.686457638425617	-41.9534198813708
0.687458305537025	-41.9531666231487
0.688458972648432	-41.9529033734421
0.68945963975984	-41.9526297380691
0.690460306871247	-41.952345307297
0.691460973982655	-41.9520496552281
0.692461641094063	-41.9517423391625
0.69346230820547	-41.9514228989348
0.694462975316878	-41.9510908562254
0.695463642428286	-41.9507457138442
0.696464309539693	-41.9503869549859
0.697464976651101	-41.9500140424564
0.698465643762508	-41.9496264178685
0.699466310873916	-41.9492235008053
0.700466977985324	-41.9488046879517
0.701467645096731	-41.9483693521908
0.702468312208139	-41.9479168416644
0.703468979319546	-41.9474464787979
0.704469646430954	-41.9469575592848
0.705470313542362	-41.9464493510326
0.706470980653769	-41.9459210930665
0.707471647765177	-41.9453719943898
0.708472314876584	-41.9448012327997
0.709472981987992	-41.9442079536558
0.7104736490994	-41.943591268601
0.711474316210807	-41.9429502542306
0.712474983322215	-41.9422839507101
0.713475650433622	-41.9415913603379
0.71447631754503	-41.9408714460511
0.715476984656438	-41.9401231298732
0.716477651767845	-41.9393452912992
0.717478318879253	-41.9385367656184
0.71847898599066	-41.9376963421702
0.719479653102068	-41.9368227625313
0.720480320213476	-41.9359147186314
0.721480987324883	-41.9349708507945
0.722481654436291	-41.9339897457029
0.723482321547698	-41.932969934281
0.724482988659106	-41.9319098894958
0.725483655770514	-41.93080802407
0.726484322881921	-41.9296626881052
0.727484989993329	-41.928472166612
0.728485657104736	-41.9272346769413
0.729486324216144	-41.9259483661156
0.730486991327552	-41.9246113080539
0.731487658438959	-41.923221500688
0.732488325550367	-41.9217768629648
0.733488992661774	-41.9202752317296
0.734489659773182	-41.9187143584877
0.73549032688459	-41.9170919060371
0.736490993995997	-41.9154054449693
0.737491661107405	-41.9136524500311
0.738492328218812	-41.9118302963438
0.73949299533022	-41.9099362554723
0.740493662441628	-41.9079674913403
0.741494329553035	-41.905921055983
0.742494996664443	-41.9037938851333
0.743495663775851	-41.9015827936333
0.744496330887258	-41.8992844706649
0.745496997998666	-41.8968954747925
0.746497665110073	-41.8944122288098
0.747498332221481	-41.8918310143834
0.748498999332889	-41.8891479664849
0.749499666444296	-41.8863590676038
0.750500333555704	-41.8834601417318
0.751501000667111	-41.8804468481096
0.752501667778519	-41.8773146747272
0.753502334889927	-41.874058931568
0.754503002001334	-41.8706747435858
0.755503669112742	-41.8671570434053
0.756504336224149	-41.8635005637342
0.757505003335557	-41.8596998294764
0.758505670446965	-41.8557491495334
0.759506337558372	-41.8516426082829
0.76050700466978	-41.8473740567206
0.761507671781188	-41.8429371032535
0.762508338892595	-41.8383251041286
0.763509006004003	-41.8335311534855
0.76450967311541	-41.8285480730149
0.765510340226818	-41.823368401211
0.766511007338226	-41.817984382198
0.767511674449633	-41.8123879541173
0.768512341561041	-41.8065707370558
0.769513008672448	-41.8005240204978
0.770513675783856	-41.7942387502825
0.771514342895264	-41.7877055150464
0.772515010006671	-41.7809145321311
0.773515677118079	-41.7738556329351
0.774516344229486	-41.7665182476874
0.775517011340894	-41.758891389621
0.776517678452302	-41.7509636385215
0.777518345563709	-41.7427231236269
0.778519012675117	-41.7341575058524
0.779519679786524	-41.7252539593149
0.780520346897932	-41.7159991521273
0.78152101400934	-41.7063792264359
0.782521681120747	-41.6963797776703
0.783522348232155	-41.6859858329744
0.784523015343562	-41.6751818287864
0.78552368245497	-41.6639515875343
0.786524349566378	-41.6522782934126
0.787525016677785	-41.6401444672024
0.788525683789193	-41.6275319400985
0.7895263509006	-41.6144218265046
0.790527018012008	-41.600794495754
0.791527685123416	-41.5866295427156
0.792528352234823	-41.5719057572397
0.793529019346231	-41.5566010923988
0.794529686457638	-41.5406926314751
0.795530353569046	-41.5241565536457
0.796531020680454	-41.5069680983144
0.797531687791861	-41.4891015280353
0.798532354903269	-41.470530089975
0.799533022014676	-41.4512259758537
0.800533689126084	-41.4311602803053
0.801534356237492	-41.4103029575965
0.802535023348899	-41.3886227766362
0.803535690460307	-41.3660872742119
0.804536357571714	-41.3426627063798
0.805537024683122	-41.3183139979379
0.80653769179453	-41.2930046899056
0.807538358905937	-41.2666968849308
0.808539026017345	-41.2393511905442
0.809539693128753	-41.2109266601736
0.81054036024016	-41.1813807318324
0.811541027351568	-41.1506691643883
0.812541694462975	-41.1187459713182
0.813542361574383	-41.0855633518492
0.814543028685791	-41.0510716193836
0.815543695797198	-41.0152191270994
0.816544362908606	-40.9779521906163
0.817545030020013	-40.9392150076103
0.818545697131421	-40.8989495742571
0.819546364242829	-40.8570955983788
0.820547031354236	-40.8135904091648
0.821547698465644	-40.7683688633299
0.822548365577051	-40.7213632475714
0.823549032688459	-40.6725031771771
0.824549699799867	-40.6217154906333
0.825550366911274	-40.5689241400753
0.826551034022682	-40.5140500774159
0.827551701134089	-40.4570111359809
0.828552368245497	-40.3977219074757
0.829553035356905	-40.3360936140974
0.830553702468312	-40.2720339756019
0.83155436957972	-40.2054470711262
0.832555036691127	-40.13623319556
0.833555703802535	-40.0642887102498
0.834556370913943	-39.9895058878142
0.83555703802535	-39.9117727508361
0.836557705136758	-39.8309729041914
0.837558372248165	-39.7469853607627
0.838559039359573	-39.6596843602766
0.839559706470981	-39.568939180995
0.840560373582388	-39.4746139439759
0.841561040693796	-39.3765674096128
0.842561707805203	-39.2746527661473
0.843562374916611	-39.1687174098375
0.844563042028019	-39.0586027164539
0.845563709139426	-38.944143803761
0.846564376250834	-38.8251692846276
0.847565043362241	-38.7015010103971
0.848565710473649	-38.5729538041335
0.849566377585057	-38.4393351833434
0.850567044696464	-38.3004450717587
0.851567711807872	-38.156075499749
0.85256837891928	-38.0060102929141
0.853569046030687	-37.8500247483916
0.854569713142095	-37.6878852983943
0.855570380253502	-37.5193491604724
0.85657104736491	-37.3441639739796
0.857571714476318	-37.162067422196
0.858572381587725	-36.9727868395432
0.859573048699133	-36.7760388033039
0.86057371581054	-36.5715287092335
0.861574382921948	-36.3589503304292
0.862575050033356	-36.1379853587955
0.863575717144763	-35.9083029284199
0.864576384256171	-35.6695591201447
0.865577051367578	-35.4213964465935
0.866577718478986	-35.1634433168811
0.867578385590394	-34.8953134802046
0.868579052701801	-34.6166054474846
0.869579719813209	-34.3269018901875
0.870580386924616	-34.0257690154315
0.871581054036024	-33.7127559164384
0.872581721147432	-33.387393897361
0.873582388258839	-33.049195771472
0.874583055370247	-32.6976551316668
0.875583722481654	-32.3322455921851
0.876584389593062	-31.9524200004179
0.87758505670447	-31.5576096176186
0.878585723815877	-31.1472232672915
0.879586390927285	-30.7206464499834
0.880587058038692	-30.2772404231509
0.8815877251501	-29.8163412447286
0.882588392261508	-29.3372587789629
0.883589059372915	-28.8392756630243
0.884589726484323	-28.321646232852
0.88559039359573	-27.7835954066197
0.886591060707138	-27.2243175241528
0.887591727818546	-26.6429751405588
0.888592394929953	-26.0386977722637
0.889593062041361	-25.4105805935776
0.890593729152768	-24.7576830818379
0.891594396264176	-24.0790276091
0.892595063375584	-23.373597978269
0.893595730486991	-22.640337901478
0.894596397598399	-21.8781494184367
0.895597064709806	-21.0858912523802
0.896597731821214	-20.2623771011581
0.897598398932622	-19.4063738609024
0.898599066044029	-18.5165997796184
0.899599733155437	-17.5917225379292
0.900600400266845	-16.6303572541031
0.901601067378252	-15.6310644103758
0.90260173448966	-14.5923476974631
0.903602401601067	-13.5126517740337
0.904603068712475	-12.3903599377921
0.905603735823883	-11.2237917046786
0.90660440293529	-10.011200292567
0.907605070046698	-8.75077000568853
0.908605737158105	-7.44061351586632
0.909606404269513	-6.0787690364907
0.910607071380921	-4.66319738500204
0.911607738492328	-3.19177892948478
0.912608405603736	-1.6623104147962
0.913609072715143	-0.0725016634845588
0.914609739826551	1.58002785345202
0.915610406937959	3.29775258109151
0.916611074049366	5.08324458574562
0.917611741160774	6.93917740628758
0.918612408272181	8.86833005742665
0.919613075383589	10.8735911909136
0.920613742494997	12.9579634209181
0.921614409606404	15.124567820047
0.922615076717812	17.3766485927374
0.92361574382922	19.717577933028
0.924616410940627	22.1508610739719
0.925617078052035	24.6801415362638
0.926617745163442	27.3092065839307
0.92761841227485	30.0419928952588
0.928619079386258	32.882592457454
0.929619746497665	35.8352586938489
0.930620413609073	38.9044128328472
0.93162108072048	42.0946505281285
0.932621747831888	45.4107487400328
0.933622414943296	48.8576728884319
0.934623082054703	52.440584287787
0.935623749166111	56.1648478755405
0.936624416277518	60.0360402454007
0.937625083388926	64.0599579975539
0.938625750500334	68.2426264183134
0.939626417611741	72.5903085021856
0.940627084723149	77.1095143298851
0.941627751834556	81.8070108163154
0.942628418945964	86.6898318431376
0.943629086057372	91.7652887910787
0.944629753168779	97.0409814877572
0.945630420280187	102.52480958743
0.946631087391594	108.224984399674
0.947631754503002	114.150041184749
0.94863242161441	120.308851934018
0.949633088725817	126.710638654586
0.950633755837225	133.364987178045
0.951634422948632	140.281861513981
0.95263509006004	147.471618769779
0.953635757171448	154.945024659017
0.954636424282855	162.713269621702
0.955637091394263	170.787985580486
0.95663775850567	179.181263357927
0.957638425617078	187.90567078091
0.958639092728486	196.974271499308
0.959639759839893	206.400644547069
0.960640426951301	216.198904675042
0.961641094062708	226.383723485943
0.962641761174116	236.970351403156
0.963642428285524	247.974640506218
0.964643095396931	259.413068267237
0.965643762508339	271.302762223714
0.966644429619747	283.66152562479
0.967645096731154	296.507864089247
0.968645763842562	309.86101331525
0.969646430953969	323.740967883256
0.970647098065377	338.168511195271
0.971647765176785	353.165246595241
0.972648432288192	368.753629717227
0.9736490993996	384.957002109753
0.974649766511007	401.799626186682
0.975650433622415	419.306721557008
0.976651100733823	437.504502787869
0.97765176784523	456.420218657426
0.978652434956638	476.082192956308
0.979653102068045	496.519866898745
0.980653769179453	517.763843206926
0.981654436290861	539.845931934517
0.982655103402268	562.799198098032
0.983655770513676	586.658011187353
0.984656437625083	611.458096629475
0.985657104736491	637.236589282659
0.986657771847899	664.032089040952
0.987658438959306	691.884718632471
0.988659106070714	720.836183697884
0.989659773182121	750.929835239091
0.990660440293529	782.21073453167
0.991661107404937	814.72572059817
0.992661774516344	848.52348034338
0.993662441627752	883.654621456555
0.994663108739159	920.171748189734
0.995663775850567	958.129540125718
0.996664442961975	997.584834053478
0.997665110073382	1038.59670907382
0.99866577718479	1081.22657506247
0.999666444296197	1125.53826462335
1.00066711140761	1171.59812866942
1.00166777851901	1219.47513577446
1.00266844563042	1269.2409754444
1.00366911274183	1320.97016546291
1.00466977985324	1374.74016347197
1.00567044696464	1430.63148295443
1.00667111407605	1488.72781379237
1.00767178118746	1549.1161475817
1.00867244829887	1611.88690789054
1.00967311541027	1677.13408565661
1.01067378252168	1744.95537992629
1.01167444963309	1815.45234414605
1.0126751167445	1888.73053822532
1.0136757838559	1964.89968659859
1.01467645096731	2044.07384252325
1.01567711807872	2126.37155885931
1.01667778519013	2211.91606558665
1.01767845230153	2300.83545432573
1.01867911941294	2393.26287013788
1.01967978652435	2489.33671089247
1.02068045363576	2589.20083449938
1.02168112074716	2693.00477431745
1.02268178785857	2800.90396306082
1.02368245496998	2913.05996553897
1.02468312208139	3029.64072057877
1.0256837891928	3150.82079249055
1.0266844563042	3276.7816324554
1.02768512341561	3407.7118502242
1.02868579052702	3543.80749653599
1.02968645763843	3685.27235667791
1.03068712474983	3832.31825562704
1.03168779186124	3985.16537523018
1.03268845897265	4144.04258389724
1.03368912608406	4309.1877793015
1.03468979319546	4480.84824460004
1.03569046030687	4659.28101870744
1.03669112741828	4844.75328117802
1.03769179452969	5037.54275227176
1.03869246164109	5237.93810880386
1.0396931287525	5446.23941640025
1.04069379586391	5662.75857880599
1.04169446297532	5887.81980492052
1.04269513008672	6121.76009425739
1.04369579719813	6364.92974155673
1.04469646430954	6617.69286130532
1.04569713142095	6880.42793295011
1.04669779853235	7153.52836762136
1.04769846564376	7437.40309721391
1.04869913275517	7732.47718670856
1.04969979986658	8039.19247065123
1.05070046697799	8358.00821474151
1.05170113408939	8689.40180352287
1.0527018012008	9033.86945520288
1.05370246831221	9391.92696467463
1.05470313542362	9764.11047585142
1.05570380253502	10150.9772844717
1.05670446964643	10553.1066725761
1.05770513675784	10971.1007759056
1.05870580386925	11405.5854855209
1.05970647098065	11857.2113849912
1.06070713809206	12326.6547245575
1.06170780520347	12814.6184337284
1.06270847231488	13321.8331738243
1.06370913942628	13849.058432046
1.06470980653769	14397.0836587075
1.0657104736491	14966.7294493327
1.06671114076051	15558.8487733897
1.06771180787191	16174.3282515
1.06871247498332	16814.0894830359
1.06971314209473	17479.0904260944
1.07071380920614	18170.3268319123
1.07171447631755	18888.8337358733
1.07271514342895	19635.6870073365
1.07371581054036	20412.0049606093
1.07471647765177	21218.9500294753
1.07571714476318	22057.7305077856
1.07671781187458	22929.60235872
1.07771847898599	23835.8710954257
1.0787191460974	24777.8937358517
1.07971981320881	25757.0808347036
1.08072048032021	26774.8985955637
1.08172114743162	27832.8710663378
1.08272181454303	28932.5824213152
1.08372248165444	30075.6793332619
1.08472314876584	31263.8734390957
1.08572381587725	32498.9439028349
1.08672448298866	33782.7400796653
1.08772515010007	35117.184285103
1.08872581721147	36504.2746734099
1.08972648432288	37946.0882295656
1.09072715143429	39444.7838792784
1.0917278185457	41002.6057216923
1.0927284856571	42621.8863896299
1.09372915276851	44305.050542402
1.09472981987992	46054.6184964157
1.09573048699133	47873.2099990148
1.09673115410274	49763.5481512077
1.09773182121414	51728.4634851513
1.09873248832555	53770.8982024989
1.09973315543696	55893.9105799615
1.10073382254837	58100.6795486714
1.10173448965977	60394.5094542137
1.10273515677118	62778.8350044489
1.10373582388259	65257.2264125337
1.104736490994	67833.3947428464
1.1057371581054	70511.1974678121
1.10673782521681	73294.644243965
1.10773849232822	76187.902915877
1.10873915943963	79195.3057569556
1.10973982655103	82321.3559564541
1.11074049366244	85570.7343623988
1.11174116077385	88948.3064905487
1.11274182788526	92459.1298098593
1.11374249499666	96108.4613153774
1.11474316210807	99901.7653998955
1.11574382921948	103844.722036164
1.11674449633089	107943.235281897
1.11774516344229	112203.442120323
1.1187458305537	116631.721649508
1.11974649766511	121234.704634215
1.12074716477652	126019.283434594
1.12174783188793	130992.622326589
1.12274849899933	136162.168229496
1.12374916611074	141535.661856741
1.12474983322215	147121.149306579
1.12575050033356	152926.99411006
1.12675116744496	158961.889754324
1.12775183455637	165234.872699945
1.12875250166778	171755.335911842
1.12975316877919	178533.042923999
1.13075383589059	185578.142459081
1.131754503002	192901.183624803
1.13275517011341	200513.131709821
1.13375583722482	208425.38460282
1.13475650433622	216649.789859338
1.13575717144763	225198.662441922
1.13675783855904	234084.803160164
1.13775850567045	243321.51783822
1.13875917278185	252922.637238538
1.13975983989326	262902.537771579
1.14076050700467	273276.163022624
1.14176117411608	284059.046127805
1.14276184122748	295267.333032934
1.14376250833889	306917.80666993
1.1447631754503	319027.912087034
1.14576384256171	331615.782570488
1.14676450967312	344700.26679673
1.14776517678452	358300.957055804
1.14876584389593	372438.218588228
1.14976651100734	387133.220079256
1.15076717811875	402407.965356206
1.15176784523015	418285.326336269
1.15276851234156	434789.077274209
1.15376917945297	451943.93036117
1.15476984656438	469775.572727911
1.15577051367578	488310.704907916
1.15677118078719	507577.080817914
1.1577718478986	527603.549315708
1.15877251501001	548420.097397551
1.15977318212141	570057.895099679
1.16077384923282	592549.342171387
1.16177451634423	615928.116589342
1.16277518345564	640229.224985934
1.16377585056704	665489.05506707
1.16477651767845	691745.430097982
1.16577718478986	719037.665538591
1.16677785190127	747406.627913193
1.16777851901268	776894.796002724
1.16877918612408	807546.324451119
1.16977985323549	839407.109881062
1.1707805203469	872524.859618133
1.17178118745831	906949.163126253
1.17278185456971	942731.566261352
1.17378252168112	979925.648454503
1.17478318879253	1018587.10294003
1.17578385590394	1058773.82014882
1.17678452301534	1100545.97439158
1.17778519012675	1143966.11396198
1.17878585723816	1189099.25479443
1.17978652434957	1236012.97781683
1.18078719146097	1284777.53014423
1.18178785857238	1335465.93026452
1.18278852568379	1388154.077374
1.1837891927952	1442920.86502646
1.1847898599066	1499848.29926584
1.18579052701801	1559021.62141945
1.18679119412942	1620529.4357357
1.18779186124083	1684463.8420572
1.18879252835223	1750920.57372819
1.18979319546364	1819999.14094251
1.19079386257505	1891802.97974711
1.19179452968646	1966439.60692384
1.19279519679787	2044020.78098162
1.19379586390927	2124662.66950017
1.19479653102068	2208486.02307551
1.19579719813209	2295616.35612818
1.1967978652435	2386184.1348445
1.1977985323549	2480324.9725324
1.19879919946631	2578179.83268463
1.19979986657772	2679895.24005284
1.20080053368913	2785623.50004921
1.20180120080053	2895522.92680362
1.20280186791194	3009758.08021827
1.20380253502335	3128500.01237443
1.20480320213476	3251926.52366023
1.20580386924616	3380222.42900354
1.20680453635757	3513579.83460781
1.20780520346898	3652198.42560581
1.20880587058039	3796285.76506183
1.20980653769179	3946057.60476981
1.2108072048032	4101738.20831354
1.21180787191461	4263560.68687155
1.21280853902602	4431767.34827049
1.21380920613743	4606610.05980901
1.21480987324883	4788350.62539603
1.21581054036024	4977261.1775675
1.21681120747165	5173624.58496884
1.21781187458306	5377734.87591369
1.21881254169446	5589897.67865248
1.21981320880587	5810430.67901017
1.22081387591728	6039664.09607931
1.22181454302869	6277941.17667934
1.22281521014009	6525618.70932349
1.2238158772515	6783067.55846267
1.22481654436291	7050673.21980564
1.22581721147432	7328836.39754867
1.22681787858572	7617973.60437678
1.22781854569713	7918517.78513673
1.22881921280854	8230918.96511494
1.22981987991995	8555644.92389055
1.23082054703135	8893181.89577437
1.23182121414276	9244035.29788026
1.23282188125417	9608730.48692047
1.23382254836558	9987813.54585853
1.23482321547698	10381852.1015959
1.23582388258839	10791436.1749191
1.2368245496998	11217179.0639773
1.23782521681121	11659718.2626161
1.23882588392262	12119716.4149404
1.23982655103402	12597862.3075356
1.24082721814543	13094871.9008365
1.24182788525684	13611489.4011821
1.24282855236825	14148488.3751672
1.24382921947965	14706672.9079564
1.24482988659106	15286878.8072951
1.24583055370247	15889974.855022
1.24683122081388	16516864.1079551
1.24783188792528	17168485.2501005
1.24883255503669	17845813.9982071
1.2498332221481	18549864.5627747
1.25083388925951	19281691.1667005
1.25183455637091	20042389.6238379
1.25283522348232	20833098.9798345
1.25383589059373	21655003.2177023
1.25483655770514	22509333.0306756
1.25583722481654	23397367.6650127
1.25683789192795	24320436.8354983
1.25783855903936	25279922.7165155
1.25883922615077	26277262.0116708
1.25983989326217	27313948.1050669
1.26084056037358	28391533.2974499
1.26184122748499	29511631.1305743
1.2628418945964	30675918.8032693
1.26384256170781	31886139.6828224
1.26484322881921	33144105.9154424
1.26584389593062	34451701.13971
1.26684456304203	35810883.3070769
1.26784523015344	37223687.6136416
1.26884589726484	38692229.5475865
1.26984656437625	40218708.0568408
1.27084723148766	41805408.8417186
1.27184789859907	43454707.777451
1.27284856571047	45169074.4717473
1.27384923282188	46951075.9627067
1.27484989993329	48803380.5626183
1.2758505670447	50728761.8534093
1.2768512341561	52730102.8397157
1.27785190126751	54810400.2658036
1.27885256837892	56972769.102798
1.27985323549033	59220447.2129404
1.28085390260173	61556800.1978621
1.28185456971314	63985326.4381289
1.28285523682455	66509662.3316025
1.28385590393596	69133587.7384705
1.28485657104736	71861031.6410851
1.28585723815877	74696078.027098
1.28685790527018	77642972.004694
1.28785857238159	80706126.1590799
1.288859239493	83890127.15975
1.2898599066044	87199742.6284151
1.29086057371581	90639928.2778938
1.29186124082722	94215835.3326347
1.29286190793863	97932818.241997
1.29386257505003	101796442.697834
1.29486324216144	105812493.968376
1.29586390927285	109986985.560919
1.29686457638426	114326168.226248
1.29786524349566	118836539.318316
1.29886591060707	123524852.523179
1.29986657771848	128398127.971741
1.30086724482989	133463662.751485
1.30186791194129	138729041.832892
1.3028685790527	144202149.426937
1.30386924616411	149891180.790659
1.30486991327552	155804654.498466
1.30587058038692	161951425.197593
1.30687124749833	168340696.866757
1.30787191460974	174982036.59791
1.30887258172115	181885388.921691
1.30987324883256	189061090.698048
1.31087391594396	196519886.594333
1.31187458305537	204272945.174018
1.31287525016678	212331875.620147
1.31387591727819	220708745.118555
1.31487658438959	229416096.92689
1.315877251501	238466969.15649
1.31687791861241	247874914.295234
1.31787858572382	257654019.500601
1.31887925283522	267818927.693341
1.31987991994663	278384859.483305
1.32088058705804	289367635.960315
1.32188125416945	300783702.384153
1.32288192128085	312650152.80917
1.32388258839226	324984755.680383
1.32488325550367	337805980.439363
1.32588392261508	351133025.179812
1.32688458972648	364985845.394164
1.32788525683789	379385183.854303
1.3288859239493	394352601.671139
1.32988659106071	409910510.579506
1.33088725817211	426082206.496811
1.33188792528352	442891904.405581
1.33288859239493	460364774.612204
1.33388925950634	478526980.436158
1.33488992661775	497405717.386114
1.33589059372915	517029253.881648
1.33689126084056	537426973.581445
1.33789192795197	558629419.381482
1.33889259506338	580668339.14897
1.33989326217478	603576733.260595
1.34089392928619	627388904.016251
1.3418945963976	652140507.002197
1.34289526350901	677868604.4806
1.34389593062041	704611720.885396
1.34489659773182	732409900.507511
1.34589726484323	761304767.455968
1.34689793195464	791339587.984465
1.34789859906604	822559335.276878
1.34889926617745	855010756.788711
1.34989993328886	888742444.245198
1.35090060040027	923804906.401062
1.35190126751167	960250644.670657
1.35290193462308	998134231.741963
1.35390260173449	1037512393.29198
1.3549032688459	1078444092.92589
1.3559039359573	1120990620.46742
1.35690460306871	1165215683.7321
1.35790527018012	1211185503.92145
1.35890593729153	1258968914.78046
1.35990660440294	1308637465.667
1.36090727151434	1360265528.68763
1.36190793862575	1413930410.05995
1.36290860573716	1469712465.86856
1.36390927284857	1527695222.38757
1.36490993995997	1587965501.15032
1.36591060707138	1650613548.95305
1.36691127418279	1715733172.98776
1.3679119412942	1783421881.30586
1.3689126084056	1853781028.82391
1.36991327551701	1926915969.08893
1.37091394262842	2002936212.03176
1.37191460973983	2081955587.94352
1.37291527685123	2164092417.92152
1.37391594396264	2249469691.03962
1.37491661107405	2338215248.50795
1.37591727818546	2430461975.0984
1.37691794529686	2526347998.12205
1.37791861240827	2626016894.25657
1.37891927951968	2729617904.53334
1.37991994663109	2837306157.8063
1.38092061374249	2949242903.0368
1.3819212808539	3065595750.74295
1.38292194796531	3186538923.97392
1.38392261507672	3312253519.18621
1.38492328218813	3442927777.41164
1.38592394929953	3578757366.12361
1.38692461641094	3719945672.22305
1.38792528352235	3866704106.58394
1.38892595063376	4019252420.61257
1.38992661774516	4177819035.29705
1.39092728485657	4342641383.23707
1.39192795196798	4513966264.16807
1.39292861907939	4692050214.51152
1.39392928619079	4877159891.50404
1.3949299533022	5069572472.48162
1.39593062041361	5269576069.91622
1.39693128752502	5477470162.82613
1.39793195463642	5693566045.20621
1.39893262174783	5918187292.14985
1.39993328885924	6151670244.35968
1.40093395597065	6394364511.77391
1.40193462308205	6646633497.06052
1.40293529019346	6908854939.76544
1.40393595730487	7181421481.92703
1.40493662441628	7464741256.00667
1.40593729152769	7759238496.01235
1.40693795863909	8065354172.73404
1.4079386257505	8383546654.03857
1.40893929286191	8714292391.21552
1.40993995997332	9058086632.40008
1.41094062708472	9415444164.14172
1.41194129419613	9786900082.2297
1.41294196130754	10173010592.9277
1.41394262841895	10574353845.8198
1.41494329553035	10991530799.5131
1.41594396264176	11425166121.4946
1.41694462975317	11875909123.4872
1.41794529686458	12344434733.7099
1.41894596397598	12831444507.4921
1.41994663108739	13337667677.7619
1.4209472981988	13863862246.9751
1.42194796531021	14410816122.1245
1.42294863242161	14979348294.5268
1.42394929953302	15570310066.1534
1.42494996664443	16184586324.3434
1.42595063375584	16823096866.8066
1.42695130086724	17486797778.8973
1.42795196797865	18176682865.2277
1.42895263509006	18893785137.7586
1.42995330220147	19639178362.5985
1.43095396931288	20413978667.828
1.43195463642428	21219346214.7523
1.43295530353569	22056486935.0922
1.4339559706471	22926654336.705
1.43495663775851	23831151380.5507
1.43595730486991	24771332431.7009
1.43695797198132	25748605287.325
1.43795863909273	26764433284.6781
1.43895930620414	27820337492.2572
1.43995997331554	28917898987.4006
1.44096064042695	30058761223.7424
1.44196130753836	31244632492.068
1.44296197464977	32477288478.2538
1.44396264176117	33758574922.1229
1.44496330887258	35090410381.1971
1.44596397598399	36474789103.4852
1.4469646430954	37913784013.6033
1.4479653102068	39409549816.7109
1.44896597731821	40964326224.8908
1.44996664442962	42580441310.8309
1.45096731154103	44260314993.7992
1.45196797865243	46006462663.1589
1.45296864576384	47821498944.8285
1.45396931287525	49708141616.3415
1.45496997998666	51669215676.3587
1.45597064709807	53707657574.7341
1.45697131420947	55826519609.4574
1.45797198132088	58028974497.0697
1.45897264843229	60318320123.3894
1.4599733155437	62697984481.6594
1.4609739826551	65171530805.5168
1.46197464976651	67742662904.4629
1.46297531687792	70415230709.8337
1.46397598398933	73193236039.5583
1.46497665110073	76080838590.3622
1.46597731821214	79082362166.3553
1.46697798532355	82202301153.3676
1.46797865243496	85445327248.6917
1.46897931954636	88816296456.3376
1.46997998665777	92320256358.2567
1.47098065376918	95962453672.4352
1.47198132088059	99748342109.1544
1.47298198799199	103683590537.209
1.4739826551034	107774091472.286
1.47498332221481	112025969900.24
1.47598398932622	116445592448.437
1.47698465643762	121039576918.949
1.47798532354903	125814802197.843
1.47898599066044	130778418555.397
1.47998665777185	135937858352.691
1.48098732488326	141300847170.592
1.48198799199466	146875415377.785
1.48298865910607	152669910155.2
1.48398932621748	158693007994.805
1.48498999332889	164953727691.516
1.48599066044029	171461443847.655
1.4869913275517	178225900910.17
1.48799199466311	185257227761.68
1.48899266177452	192565952887.109
1.48999332888592	200163020138.742
1.49099399599733	208059805123.172
1.49199466310874	216268132234.782
1.49299533022015	224800292361.223
1.49399599733155	233669061287.383
1.49499666444296	242887718825.452
1.49599733155437	252470068699.682
1.49699799866578	262430459215.659
1.49799866577718	272783804744.977
1.49899933288859	283545608057.558
1.5	294731983535.005
