1	0.001	0.0001	1e-05	1e-06	1e-07	1e-08	1e-09
2	0.001	0.0001	1e-05	1e-06	1e-07	1e-08	1e-09
3	0.001	0.0001	1e-05	1e-06	1e-07	1e-08	1e-09
4	0.001	0.0001	1e-05	1e-06	1e-07	1e-08	1e-09
5	0.001	0.0001	1e-05	1e-06	1e-07	1e-08	1e-09
6	0.001	0.0001	1e-05	1e-06	1e-07	1e-08	1e-09
7	0.001	0.0001	1e-05	1e-06	1e-07	1e-08	1e-09
8	0.001	0.0001	1e-05	1e-06	1e-07	1e-08	1e-09
9	0.001	0.0001	1e-05	1e-06	1e-07	1e-08	1e-09
10	0.001	0.0001	1e-05	1e-06	1e-07	1e-08	1e-09
11	0.001	0.0001	1e-05	1e-06	1e-07	1e-08	1e-09
12	0.001	0.0001	1e-05	1e-06	1e-07	1e-08	1e-09
13	0.001	0.0001	1e-05	1e-06	1e-07	1e-08	1e-09
14	0.001	0.0001	1e-05	1e-06	1e-07	1e-08	1e-09
15	0.001	0.0001	1e-05	1e-06	1e-07	1e-08	1e-09
16	0.001	0.0001	1e-05	1e-06	1e-07	1e-08	1e-09
17	0.001	0.0001	1e-05	1e-06	1e-07	1e-08	1e-09
18	0.001	0.0001	1e-05	1e-06	1e-07	1e-08	1e-09
19	0.001	0.0001	1e-05	1e-06	1e-07	1e-08	1e-09
20	0.001	0.0001	1e-05	1e-06	1e-07	1e-08	1e-09
21	0.001	0.0001	1e-05	1e-06	1e-07	1e-08	1e-09
22	0.001	0.0001	1e-05	1e-06	1e-07	1e-08	1e-09
23	0.001	0.0001	1e-05	1e-06	1e-07	1e-08	1e-09
24	0.001	0.0001	1e-05	1e-06	1e-07	1e-08	1e-09
25	0.001	0.0001	1e-05	1e-06	1e-07	1e-08	1e-09
26	0.001	0.0001	1e-05	1e-06	1e-07	1e-08	1e-09
27	0.001	0.0001	1e-05	1e-06	1e-07	1e-08	1e-09
28	0.001	0.0001	1e-05	1e-06	1e-07	1e-08	1e-09
29	0.001	0.0001	1e-05	1e-06	1e-07	1e-08	1e-09
30	0.001	0.0001	1e-05	1e-06	1e-07	1e-08	1e-09
31	0.001	0.0001	1e-05	1e-06	1e-07	1e-08	1e-09
32	0.001	0.0001	1e-05	1e-06	1e-07	1e-08	1e-09
33	0.001	0.0001	1e-05	1e-06	1e-07	1e-08	1e-09
34	0.001	0.0001	1e-05	1e-06	1e-07	1e-08	1e-09
35	0.001	0.0001	1e-05	1e-06	1e-07	1e-08	1e-09
36	0.001	0.0001	1e-05	1e-06	1e-07	1e-08	1e-09
37	0.001	0.0001	1e-05	1e-06	1e-07	1e-08	1e-09
38	0.001	0.0001	1e-05	1e-06	1e-07	1e-08	1e-09
39	0.001	0.0001	1e-05	1e-06	1e-07	1e-08	1e-09
40	0.001	0.0001	1e-05	1e-06	1e-07	1e-08	1e-09
41	0.001	0.0001	1e-05	1e-06	1e-07	1e-08	1e-09
42	0.001	0.0001	1e-05	1e-06	1e-07	1e-08	1e-09
43	0.001	0.0001	1e-05	1e-06	1e-07	1e-08	1e-09
44	0.001	0.0001	1e-05	1e-06	1e-07	1e-08	1e-09
45	0.001	0.0001	1e-05	1e-06	1e-07	1e-08	1e-09
46	0.001	0.0001	1e-05	1e-06	1e-07	1e-08	1e-09
47	0.001	0.0001	1e-05	1e-06	1e-07	1e-08	1e-09
48	0.001	0.0001	1e-05	1e-06	1e-07	1e-08	1e-09
49	0.001	0.0001	1e-05	1e-06	1e-07	1e-08	1e-09
50	0.001	0.0001	1e-05	1e-06	1e-07	1e-08	1e-09
51	0.001	0.0001	1e-05	1e-06	1e-07	1e-08	1e-09
52	0.001	0.0001	1e-05	1e-06	1e-07	1e-08	1e-09
53	0.001	0.0001	1e-05	1e-06	1e-07	1e-08	1e-09
54	0.001	0.0001	1e-05	1e-06	1e-07	1e-08	1e-09
55	0.001	0.0001	1e-05	1e-06	1e-07	1e-08	1e-09
56	0.001	0.0001	1e-05	1e-06	1e-07	1e-08	1e-09
57	0.001	0.0001	1e-05	1e-06	1e-07	1e-08	1e-09
58	0.001	0.0001	1e-05	1e-06	1e-07	1e-08	1e-09
59	0.001	0.0001	1e-05	1e-06	1e-07	1e-08	1e-09
60	0.001	0.0001	1e-05	1e-06	1e-07	1e-08	1e-09
61	0.001	0.0001	1e-05	1e-06	1e-07	1e-08	1e-09
62	0.001	0.0001	1e-05	1e-06	1e-07	1e-08	1e-09
63	0.001	0.0001	1e-05	1e-06	1e-07	1e-08	1e-09
64	0.001	0.0001	1e-05	1e-06	1e-07	1e-08	1e-09
65	0.001	0.0001	1e-05	1e-06	1e-07	1e-08	1e-09
66	0.001	0.0001	1e-05	1e-06	1e-07	1e-08	1e-09
67	0.001	0.0001	1e-05	1e-06	1e-07	1e-08	1e-09
68	0.001	0.0001	1e-05	1e-06	1e-07	1e-08	1e-09
69	0.001	0.0001	1e-05	1e-06	1e-07	1e-08	1e-09
70	0.001	0.0001	1e-05	1e-06	1e-07	1e-08	1e-09
71	0.001	0.0001	1e-05	1e-06	1e-07	1e-08	1e-09
72	0.001	0.0001	1e-05	1e-06	1e-07	1e-08	1e-09
73	0.001	0.0001	1e-05	1e-06	1e-07	1e-08	1e-09
74	0.001	0.0001	1e-05	1e-06	1e-07	1e-08	1e-09
75	0.001	0.0001	1e-05	1e-06	1e-07	1e-08	1e-09
76	0.001	0.0001	1e-05	1e-06	1e-07	1e-08	1e-09
77	0.001	0.0001	1e-05	1e-06	1e-07	1e-08	1e-09
78	0.001	0.0001	1e-05	1e-06	1e-07	1e-08	1e-09
79	0.001	0.0001	1e-05	1e-06	1e-07	1e-08	1e-09
80	0.001	0.0001	1e-05	1e-06	1e-07	1e-08	1e-09
81	0.001	0.0001	1e-05	1e-06	1e-07	1e-08	1e-09
82	0.001	0.0001	1e-05	1e-06	1e-07	1e-08	1e-09
83	0.001	0.0001	1e-05	1e-06	1e-07	1e-08	1e-09
84	0.001	0.0001	1e-05	1e-06	1e-07	1e-08	1e-09
85	0.001	0.0001	1e-05	1e-06	1e-07	1e-08	1e-09
86	0.001	0.0001	1e-05	1e-06	1e-07	1e-08	1e-09
87	0.001	0.0001	1e-05	1e-06	1e-07	1e-08	1e-09
88	0.001	0.0001	1e-05	1e-06	1e-07	1e-08	1e-09
89	0.001	0.0001	1e-05	1e-06	1e-07	1e-08	1e-09
90	0.001	0.0001	1e-05	1e-06	1e-07	1e-08	1e-09
91	0.001	0.0001	1e-05	1e-06	1e-07	1e-08	1e-09
92	0.001	0.0001	1e-05	1e-06	1e-07	1e-08	1e-09
93	0.001	0.0001	1e-05	1e-06	1e-07	1e-08	1e-09
94	0.001	0.0001	1e-05	1e-06	1e-07	1e-08	1e-09
95	0.001	0.0001	1e-05	1e-06	1e-07	1e-08	1e-09
96	0.001	0.0001	1e-05	1e-06	1e-07	1e-08	1e-09
97	0.001	0.0001	1e-05	1e-06	1e-07	1e-08	1e-09
98	0.001	0.0001	1e-05	1e-06	1e-07	1e-08	1e-09
99	0.001	0.0001	1e-05	1e-06	1e-07	1e-08	1e-09
100	0.001	0.0001	1e-05	1e-06	1e-07	1e-08	1e-09
101	0.001	0.0001	1e-05	1e-06	1e-07	1e-08	1e-09
102	0.001	0.0001	1e-05	1e-06	1e-07	1e-08	1e-09
103	0.001	0.0001	1e-05	1e-06	1e-07	1e-08	1e-09
104	0.001	0.0001	1e-05	1e-06	1e-07	1e-08	1e-09
105	0.001	0.0001	1e-05	1e-06	1e-07	1e-08	1e-09
106	0.001	0.0001	1e-05	1e-06	1e-07	1e-08	1e-09
107	0.001	0.0001	1e-05	1e-06	1e-07	1e-08	1e-09
108	0.001	0.0001	1e-05	1e-06	1e-07	1e-08	1e-09
109	0.001	0.0001	1e-05	1e-06	1e-07	1e-08	1e-09
110	0.001	0.0001	1e-05	1e-06	1e-07	1e-08	1e-09
111	0.001	0.0001	1e-05	1e-06	1e-07	1e-08	1e-09
112	0.001	0.0001	1e-05	1e-06	1e-07	1e-08	1e-09
113	0.001	0.0001	1e-05	1e-06	1e-07	1e-08	1e-09
114	0.001	0.0001	1e-05	1e-06	1e-07	1e-08	1e-09
115	0.001	0.0001	1e-05	1e-06	1e-07	1e-08	1e-09
116	0.001	0.0001	1e-05	1e-06	1e-07	1e-08	1e-09
117	0.001	0.0001	1e-05	1e-06	1e-07	1e-08	1e-09
118	0.001	0.0001	1e-05	1e-06	1e-07	1e-08	1e-09
119	0.001	0.0001	1e-05	1e-06	1e-07	1e-08	1e-09
120	0.001	0.0001	1e-05	1e-06	1e-07	1e-08	1e-09
121	0.001	0.0001	1e-05	1e-06	1e-07	1e-08	1e-09
122	0.001	0.0001	1e-05	1e-06	1e-07	1e-08	1e-09
123	0.001	0.0001	1e-05	1e-06	1e-07	1e-08	1e-09
124	0.001	0.0001	1e-05	1e-06	1e-07	1e-08	1e-09
125	0.001	0.0001	1e-05	1e-06	1e-07	1e-08	1e-09
126	0.001	0.0001	1e-05	1e-06	1e-07	1e-08	1e-09
127	0.001	0.0001	1e-05	1e-06	1e-07	1e-08	1e-09
128	0.001	0.0001	1e-05	1e-06	1e-07	1e-08	1e-09
129	0.001	0.0001	1e-05	1e-06	1e-07	1e-08	1e-09
130	0.001	0.0001	1e-05	1e-06	1e-07	1e-08	1e-09
131	0.001	0.0001	1e-05	1e-06	1e-07	1e-08	1e-09
132	0.001	0.0001	1e-05	1e-06	1e-07	1e-08	1e-09
133	0.001	0.0001	1e-05	1e-06	1e-07	1e-08	1e-09
134	0.001	0.0001	1e-05	1e-06	1e-07	1e-08	1e-09
135	0.001	0.0001	1e-05	1e-06	1e-07	1e-08	1e-09
136	0.001	0.0001	1e-05	1e-06	1e-07	1e-08	1e-09
137	0.001	0.0001	1e-05	1e-06	1e-07	1e-08	1e-09
138	0.001	0.0001	1e-05	1e-06	1e-07	1e-08	1e-09
139	0.001	0.0001	1e-05	1e-06	1e-07	1e-08	1e-09
140	0.001	0.0001	1e-05	1e-06	1e-07	1e-08	1e-09
141	0.001	0.0001	1e-05	1e-06	1e-07	1e-08	1e-09
142	0.001	0.0001	1e-05	1e-06	1e-07	1e-08	1e-09
143	0.001	0.0001	1e-05	1e-06	1e-07	1e-08	1e-09
144	0.001	0.0001	1e-05	1e-06	1e-07	1e-08	1e-09
145	0.001	0.0001	1e-05	1e-06	1e-07	1e-08	1e-09
146	0.001	0.0001	1e-05	1e-06	1e-07	1e-08	1e-09
147	0.001	0.0001	1e-05	1e-06	1e-07	1e-08	1e-09
148	0.001	0.0001	1e-05	1e-06	1e-07	1e-08	1e-09
149	0.001	0.0001	1e-05	1e-06	1e-07	1e-08	1e-09
150	0.001	0.0001	1e-05	1e-06	1e-07	1e-08	1e-09
151	0.001	0.0001	1e-05	1e-06	1e-07	1e-08	1e-09
152	0.001	0.0001	1e-05	1e-06	1e-07	1e-08	1e-09
153	0.001	0.0001	1e-05	1e-06	1e-07	1e-08	1e-09
154	0.001	0.0001	1e-05	1e-06	1e-07	1e-08	1e-09
155	0.001	0.0001	1e-05	1e-06	1e-07	1e-08	1e-09
156	0.001	0.0001	1e-05	1e-06	1e-07	1e-08	1e-09
157	0.001	0.0001	1e-05	1e-06	1e-07	1e-08	1e-09
158	0.001	0.0001	1e-05	1e-06	1e-07	1e-08	1e-09
159	0.001	0.0001	1e-05	1e-06	1e-07	1e-08	1e-09
160	0.001	0.0001	1e-05	1e-06	1e-07	1e-08	1e-09
161	0.001	0.0001	1e-05	1e-06	1e-07	1e-08	1e-09
162	0.001	0.0001	1e-05	1e-06	1e-07	1e-08	1e-09
163	0.001	0.0001	1e-05	1e-06	1e-07	1e-08	1e-09
164	0.001	0.0001	1e-05	1e-06	1e-07	1e-08	1e-09
165	0.001	0.0001	1e-05	1e-06	1e-07	1e-08	1e-09
166	0.001	0.0001	1e-05	1e-06	1e-07	1e-08	1e-09
167	0.001	0.0001	1e-05	1e-06	1e-07	1e-08	1e-09
168	0.001	0.0001	1e-05	1e-06	1e-07	1e-08	1e-09
169	0.001	0.0001	1e-05	1e-06	1e-07	1e-08	1e-09
170	0.001	0.0001	1e-05	1e-06	1e-07	1e-08	1e-09
171	0.001	0.0001	1e-05	1e-06	1e-07	1e-08	1e-09
172	0.001	0.0001	1e-05	1e-06	1e-07	1e-08	1e-09
173	0.001	0.0001	1e-05	1e-06	1e-07	1e-08	1e-09
174	0.001	0.0001	1e-05	1e-06	1e-07	1e-08	1e-09
175	0.001	0.0001	1e-05	1e-06	1e-07	1e-08	1e-09
176	0.001	0.0001	1e-05	1e-06	1e-07	1e-08	1e-09
177	0.001	0.0001	1e-05	1e-06	1e-07	1e-08	1e-09
178	0.001	0.0001	1e-05	1e-06	1e-07	1e-08	1e-09
179	0.001	0.0001	1e-05	1e-06	1e-07	1e-08	1e-09
180	0.001	0.0001	1e-05	1e-06	1e-07	1e-08	1e-09
181	0.001	0.0001	1e-05	1e-06	1e-07	1e-08	1e-09
182	0.001	0.0001	1e-05	1e-06	1e-07	1e-08	1e-09
183	0.001	0.0001	1e-05	1e-06	1e-07	1e-08	1e-09
184	0.001	0.0001	1e-05	1e-06	1e-07	1e-08	1e-09
185	0.001	0.0001	1e-05	1e-06	1e-07	1e-08	1e-09
186	0.001	0.0001	1e-05	1e-06	1e-07	1e-08	1e-09
187	0.001	0.0001	1e-05	1e-06	1e-07	1e-08	1e-09
188	0.001	0.0001	1e-05	1e-06	1e-07	1e-08	1e-09
189	0.001	0.0001	1e-05	1e-06	1e-07	1e-08	1e-09
190	0.001	0.0001	1e-05	1e-06	1e-07	1e-08	1e-09
191	0.001	0.0001	1e-05	1e-06	1e-07	1e-08	1e-09
192	0.001	0.0001	1e-05	1e-06	1e-07	1e-08	1e-09
193	0.001	0.0001	1e-05	1e-06	1e-07	1e-08	1e-09
194	0.001	0.0001	1e-05	1e-06	1e-07	1e-08	1e-09
195	0.001	0.0001	1e-05	1e-06	1e-07	1e-08	1e-09
196	0.001	0.0001	1e-05	1e-06	1e-07	1e-08	1e-09
197	0.001	0.0001	1e-05	1e-06	1e-07	1e-08	1e-09
198	0.001	0.0001	1e-05	1e-06	1e-07	1e-08	1e-09
199	0.001	0.0001	1e-05	1e-06	1e-07	1e-08	1e-09
200	0.001	0.0001	1e-05	1e-06	1e-07	1e-08	1e-09
201	0.001	0.0001	1e-05	1e-06	1e-07	1e-08	1e-09
202	0.001	0.0001	1e-05	1e-06	1e-07	1e-08	1e-09
203	0.001	0.0001	1e-05	1e-06	1e-07	1e-08	1e-09
204	0.001	0.0001	1e-05	1e-06	1e-07	1e-08	1e-09
205	0.001	0.0001	1e-05	1e-06	1e-07	1e-08	1e-09
206	0.001	0.0001	1e-05	1e-06	1e-07	1e-08	1e-09
207	0.001	0.0001	1e-05	1e-06	1e-07	1e-08	1e-09
208	0.001	0.0001	1e-05	1e-06	1e-07	1e-08	1e-09
209	0.001	0.0001	1e-05	1e-06	1e-07	1e-08	1e-09
210	0.001	0.0001	1e-05	1e-06	1e-07	1e-08	1e-09
211	0.001	0.0001	1e-05	1e-06	1e-07	1e-08	1e-09
212	0.001	0.0001	1e-05	1e-06	1e-07	1e-08	1e-09
213	0.001	0.0001	1e-05	1e-06	1e-07	1e-08	1e-09
214	0.001	0.0001	1e-05	1e-06	1e-07	1e-08	1e-09
215	0.001	0.0001	1e-05	1e-06	1e-07	1e-08	1e-09
216	0.001	0.0001	1e-05	1e-06	1e-07	1e-08	1e-09
217	0.001	0.0001	1e-05	1e-06	1e-07	1e-08	1e-09
218	0.001	0.0001	1e-05	1e-06	1e-07	1e-08	1e-09
219	0.001	0.0001	1e-05	1e-06	1e-07	1e-08	1e-09
220	0.001	0.0001	1e-05	1e-06	1e-07	1e-08	1e-09
221	0.001	0.0001	1e-05	1e-06	1e-07	1e-08	1e-09
222	0.001	0.0001	1e-05	1e-06	1e-07	1e-08	1e-09
223	0.001	0.0001	1e-05	1e-06	1e-07	1e-08	1e-09
224	0.001	0.0001	1e-05	1e-06	1e-07	1e-08	1e-09
225	0.001	0.0001	1e-05	1e-06	1e-07	1e-08	1e-09
226	0.001	0.0001	1e-05	1e-06	1e-07	1e-08	1e-09
227	0.001	0.0001	1e-05	1e-06	1e-07	1e-08	1e-09
228	0.001	0.0001	1e-05	1e-06	1e-07	1e-08	1e-09
229	0.001	0.0001	1e-05	1e-06	1e-07	1e-08	1e-09
230	0.001	0.0001	1e-05	1e-06	1e-07	1e-08	1e-09
231	0.001	0.0001	1e-05	1e-06	1e-07	1e-08	1e-09
232	0.001	0.0001	1e-05	1e-06	1e-07	1e-08	1e-09
233	0.001	0.0001	1e-05	1e-06	1e-07	1e-08	1e-09
234	0.001	0.0001	1e-05	1e-06	1e-07	1e-08	1e-09
235	0.001	0.0001	1e-05	1e-06	1e-07	1e-08	1e-09
236	0.001	0.0001	1e-05	1e-06	1e-07	1e-08	1e-09
237	0.001	0.0001	1e-05	1e-06	1e-07	1e-08	1e-09
238	0.001	0.0001	1e-05	1e-06	1e-07	1e-08	1e-09
239	0.001	0.0001	1e-05	1e-06	1e-07	1e-08	1e-09
240	0.001	0.0001	1e-05	1e-06	1e-07	1e-08	1e-09
241	0.001	0.0001	1e-05	1e-06	1e-07	1e-08	1e-09
242	0.001	0.0001	1e-05	1e-06	1e-07	1e-08	1e-09
243	0.001	0.0001	1e-05	1e-06	1e-07	1e-08	1e-09
244	0.001	0.0001	1e-05	1e-06	1e-07	1e-08	1e-09
245	0.001	0.0001	1e-05	1e-06	1e-07	1e-08	1e-09
246	0.001	0.0001	1e-05	1e-06	1e-07	1e-08	1e-09
247	0.001	0.0001	1e-05	1e-06	1e-07	1e-08	1e-09
248	0.001	0.0001	1e-05	1e-06	1e-07	1e-08	1e-09
249	0.001	0.0001	1e-05	1e-06	1e-07	1e-08	1e-09
250	0.001	0.0001	1e-05	1e-06	1e-07	1e-08	1e-09
251	0.001	0.0001	1e-05	1e-06	1e-07	1e-08	1e-09
252	0.001	0.0001	1e-05	1e-06	1e-07	1e-08	1e-09
253	0.001	0.0001	1e-05	1e-06	1e-07	1e-08	1e-09
254	0.001	0.0001	1e-05	1e-06	1e-07	1e-08	1e-09
255	0.001	0.0001	1e-05	1e-06	1e-07	1e-08	1e-09
256	0.001	0.0001	1e-05	1e-06	1e-07	1e-08	1e-09
257	0.001	0.0001	1e-05	1e-06	1e-07	1e-08	1e-09
258	0.001	0.0001	1e-05	1e-06	1e-07	1e-08	1e-09
259	0.001	0.0001	1e-05	1e-06	1e-07	1e-08	1e-09
260	0.001	0.0001	1e-05	1e-06	1e-07	1e-08	1e-09
261	0.001	0.0001	1e-05	1e-06	1e-07	1e-08	1e-09
262	0.001	0.0001	1e-05	1e-06	1e-07	1e-08	1e-09
263	0.001	0.0001	1e-05	1e-06	1e-07	1e-08	1e-09
264	0.001	0.0001	1e-05	1e-06	1e-07	1e-08	1e-09
265	0.001	0.0001	1e-05	1e-06	1e-07	1e-08	1e-09
266	0.001	0.0001	1e-05	1e-06	1e-07	1e-08	1e-09
267	0.001	0.0001	1e-05	1e-06	1e-07	1e-08	1e-09
268	0.001	0.0001	1e-05	1e-06	1e-07	1e-08	1e-09
269	0.001	0.0001	1e-05	1e-06	1e-07	1e-08	1e-09
270	0.001	0.0001	1e-05	1e-06	1e-07	1e-08	1e-09
271	0.001	0.0001	1e-05	1e-06	1e-07	1e-08	1e-09
272	0.001	0.0001	1e-05	1e-06	1e-07	1e-08	1e-09
273	0.001	0.0001	1e-05	1e-06	1e-07	1e-08	1e-09
274	0.001	0.0001	1e-05	1e-06	1e-07	1e-08	1e-09
275	0.001	0.0001	1e-05	1e-06	1e-07	1e-08	1e-09
276	0.001	0.0001	1e-05	1e-06	1e-07	1e-08	1e-09
277	0.001	0.0001	1e-05	1e-06	1e-07	1e-08	1e-09
278	0.001	0.0001	1e-05	1e-06	1e-07	1e-08	1e-09
279	0.001	0.0001	1e-05	1e-06	1e-07	1e-08	1e-09
280	0.001	0.0001	1e-05	1e-06	1e-07	1e-08	1e-09
281	0.001	0.0001	1e-05	1e-06	1e-07	1e-08	1e-09
282	0.001	0.0001	1e-05	1e-06	1e-07	1e-08	1e-09
283	0.001	0.0001	1e-05	1e-06	1e-07	1e-08	1e-09
284	0.001	0.0001	1e-05	1e-06	1e-07	1e-08	1e-09
285	0.001	0.0001	1e-05	1e-06	1e-07	1e-08	1e-09
286	0.001	0.0001	1e-05	1e-06	1e-07	1e-08	1e-09
287	0.001	0.0001	1e-05	1e-06	1e-07	1e-08	1e-09
288	0.001	0.0001	1e-05	1e-06	1e-07	1e-08	1e-09
289	0.001	0.0001	1e-05	1e-06	1e-07	1e-08	1e-09
290	0.001	0.0001	1e-05	1e-06	1e-07	1e-08	1e-09
291	0.001	0.0001	1e-05	1e-06	1e-07	1e-08	1e-09
292	0.001	0.0001	1e-05	1e-06	1e-07	1e-08	1e-09
293	0.001	0.0001	1e-05	1e-06	1e-07	1e-08	1e-09
294	0.001	0.0001	1e-05	1e-06	1e-07	1e-08	1e-09
295	0.001	0.0001	1e-05	1e-06	1e-07	1e-08	1e-09
296	0.001	0.0001	1e-05	1e-06	1e-07	1e-08	1e-09
297	0.001	0.0001	1e-05	1e-06	1e-07	1e-08	1e-09
298	0.001	0.0001	1e-05	1e-06	1e-07	1e-08	1e-09
299	0.001	0.0001	1e-05	1e-06	1e-07	1e-08	1e-09
300	0.001	0.0001	1e-05	1e-06	1e-07	1e-08	1e-09
301	0.001	0.0001	1e-05	1e-06	1e-07	1e-08	1e-09
302	0.001	0.0001	1e-05	1e-06	1e-07	1e-08	1e-09
303	0.001	0.0001	1e-05	1e-06	1e-07	1e-08	1e-09
304	0.001	0.0001	1e-05	1e-06	1e-07	1e-08	1e-09
305	0.001	0.0001	1e-05	1e-06	1e-07	1e-08	1e-09
306	0.001	0.0001	1e-05	1e-06	1e-07	1e-08	1e-09
307	0.001	0.0001	1e-05	1e-06	1e-07	1e-08	1e-09
308	0.001	0.0001	1e-05	1e-06	1e-07	1e-08	1e-09
309	0.001	0.0001	1e-05	1e-06	1e-07	1e-08	1e-09
310	0.001	0.0001	1e-05	1e-06	1e-07	1e-08	1e-09
311	0.001	0.0001	1e-05	1e-06	1e-07	1e-08	1e-09
312	0.001	0.0001	1e-05	1e-06	1e-07	1e-08	1e-09
313	0.001	0.0001	1e-05	1e-06	1e-07	1e-08	1e-09
314	0.001	0.0001	1e-05	1e-06	1e-07	1e-08	1e-09
315	0.001	0.0001	1e-05	1e-06	1e-07	1e-08	1e-09
316	0.001	0.0001	1e-05	1e-06	1e-07	1e-08	1e-09
317	0.001	0.0001	1e-05	1e-06	1e-07	1e-08	1e-09
318	0.001	0.0001	1e-05	1e-06	1e-07	1e-08	1e-09
319	0.001	0.0001	1e-05	1e-06	1e-07	1e-08	1e-09
320	0.001	0.0001	1e-05	1e-06	1e-07	1e-08	1e-09
321	0.001	0.0001	1e-05	1e-06	1e-07	1e-08	1e-09
322	0.001	0.0001	1e-05	1e-06	1e-07	1e-08	1e-09
323	0.001	0.0001	1e-05	1e-06	1e-07	1e-08	1e-09
324	0.001	0.0001	1e-05	1e-06	1e-07	1e-08	1e-09
325	0.001	0.0001	1e-05	1e-06	1e-07	1e-08	1e-09
326	0.001	0.0001	1e-05	1e-06	1e-07	1e-08	1e-09
327	0.001	0.0001	1e-05	1e-06	1e-07	1e-08	1e-09
328	0.001	0.0001	1e-05	1e-06	1e-07	1e-08	1e-09
329	0.001	0.0001	1e-05	1e-06	1e-07	1e-08	1e-09
330	0.001	0.0001	1e-05	1e-06	1e-07	1e-08	1e-09
331	0.001	0.0001	1e-05	1e-06	1e-07	1e-08	1e-09
332	0.001	0.0001	1e-05	1e-06	1e-07	1e-08	1e-09
333	0.001	0.0001	1e-05	1e-06	1e-07	1e-08	1e-09
334	0.001	0.0001	1e-05	1e-06	1e-07	1e-08	1e-09
335	0.001	0.0001	1e-05	1e-06	1e-07	1e-08	1e-09
336	0.001	0.0001	1e-05	1e-06	1e-07	1e-08	1e-09
337	0.001	0.0001	1e-05	1e-06	1e-07	1e-08	1e-09
338	0.001	0.0001	1e-05	1e-06	1e-07	1e-08	1e-09
339	0.001	0.0001	1e-05	1e-06	1e-07	1e-08	1e-09
340	0.001	0.0001	1e-05	1e-06	1e-07	1e-08	1e-09
341	0.001	0.0001	1e-05	1e-06	1e-07	1e-08	1e-09
342	0.001	0.0001	1e-05	1e-06	1e-07	1e-08	1e-09
343	0.001	0.0001	1e-05	1e-06	1e-07	1e-08	1e-09
344	0.001	0.0001	1e-05	1e-06	1e-07	1e-08	1e-09
345	0.001	0.0001	1e-05	1e-06	1e-07	1e-08	1e-09
346	0.001	0.0001	1e-05	1e-06	1e-07	1e-08	1e-09
347	0.001	0.0001	1e-05	1e-06	1e-07	1e-08	1e-09
348	0.001	0.0001	1e-05	1e-06	1e-07	1e-08	1e-09
349	0.001	0.0001	1e-05	1e-06	1e-07	1e-08	1e-09
350	0.001	0.0001	1e-05	1e-06	1e-07	1e-08	1e-09
351	0.001	0.0001	1e-05	1e-06	1e-07	1e-08	1e-09
352	0.001	0.0001	1e-05	1e-06	1e-07	1e-08	1e-09
353	0.001	0.0001	1e-05	1e-06	1e-07	1e-08	1e-09
354	0.001	0.0001	1e-05	1e-06	1e-07	1e-08	1e-09
355	0.001	0.0001	1e-05	1e-06	1e-07	1e-08	1e-09
356	0.001	0.0001	1e-05	1e-06	1e-07	1e-08	1e-09
357	0.001	0.0001	1e-05	1e-06	1e-07	1e-08	1e-09
358	0.001	0.0001	1e-05	1e-06	1e-07	1e-08	1e-09
359	0.001	0.0001	1e-05	1e-06	1e-07	1e-08	1e-09
360	0.001	0.0001	1e-05	1e-06	1e-07	1e-08	1e-09
361	0.001	0.0001	1e-05	1e-06	1e-07	1e-08	1e-09
362	0.001	0.0001	1e-05	1e-06	1e-07	1e-08	1e-09
363	0.001	0.0001	1e-05	1e-06	1e-07	1e-08	1e-09
364	0.001	0.0001	1e-05	1e-06	1e-07	1e-08	1e-09
365	0.001	0.0001	1e-05	1e-06	1e-07	1e-08	1e-09
366	0.001	0.0001	1e-05	1e-06	1e-07	1e-08	1e-09
367	0.001	0.0001	1e-05	1e-06	1e-07	1e-08	1e-09
368	0.001	0.0001	1e-05	1e-06	1e-07	1e-08	1e-09
369	0.001	0.0001	1e-05	1e-06	1e-07	1e-08	1e-09
370	0.001	0.0001	1e-05	1e-06	1e-07	1e-08	1e-09
371	0.001	0.0001	1e-05	1e-06	1e-07	1e-08	1e-09
372	0.001	0.0001	1e-05	1e-06	1e-07	1e-08	1e-09
373	0.001	0.0001	1e-05	1e-06	1e-07	1e-08	1e-09
374	0.001	0.0001	1e-05	1e-06	1e-07	1e-08	1e-09
375	0.001	0.0001	1e-05	1e-06	1e-07	1e-08	1e-09
376	0.001	0.0001	1e-05	1e-06	1e-07	1e-08	1e-09
377	0.001	0.0001	1e-05	1e-06	1e-07	1e-08	1e-09
378	0.001	0.0001	1e-05	1e-06	1e-07	1e-08	1e-09
379	0.001	0.0001	1e-05	1e-06	1e-07	1e-08	1e-09
380	0.001	0.0001	1e-05	1e-06	1e-07	1e-08	1e-09
381	0.001	0.0001	1e-05	1e-06	1e-07	1e-08	1e-09
382	0.001	0.0001	1e-05	1e-06	1e-07	1e-08	1e-09
383	0.001	0.0001	1e-05	1e-06	1e-07	1e-08	1e-09
384	0.001	0.0001	1e-05	1e-06	1e-07	1e-08	1e-09
385	0.001	0.0001	1e-05	1e-06	1e-07	1e-08	1e-09
386	0.001	0.0001	1e-05	1e-06	1e-07	1e-08	1e-09
387	0.001	0.0001	1e-05	1e-06	1e-07	1e-08	1e-09
388	0.001	0.0001	1e-05	1e-06	1e-07	1e-08	1e-09
389	0.001	0.0001	1e-05	1e-06	1e-07	1e-08	1e-09
390	0.001	0.0001	1e-05	1e-06	1e-07	1e-08	1e-09
391	0.001	0.0001	1e-05	1e-06	1e-07	1e-08	1e-09
392	0.001	0.0001	1e-05	1e-06	1e-07	1e-08	1e-09
393	0.001	0.0001	1e-05	1e-06	1e-07	1e-08	1e-09
394	0.001	0.0001	1e-05	1e-06	1e-07	1e-08	1e-09
395	0.001	0.0001	1e-05	1e-06	1e-07	1e-08	1e-09
396	0.001	0.0001	1e-05	1e-06	1e-07	1e-08	1e-09
397	0.001	0.0001	1e-05	1e-06	1e-07	1e-08	1e-09
398	0.001	0.0001	1e-05	1e-06	1e-07	1e-08	1e-09
399	0.001	0.0001	1e-05	1e-06	1e-07	1e-08	1e-09
400	0.001	0.0001	1e-05	1e-06	1e-07	1e-08	1e-09
401	0.001	0.0001	1e-05	1e-06	1e-07	1e-08	1e-09
402	0.001	0.0001	1e-05	1e-06	1e-07	1e-08	1e-09
403	0.001	0.0001	1e-05	1e-06	1e-07	1e-08	1e-09
404	0.001	0.0001	1e-05	1e-06	1e-07	1e-08	1e-09
405	0.001	0.0001	1e-05	1e-06	1e-07	1e-08	1e-09
406	0.001	0.0001	1e-05	1e-06	1e-07	1e-08	1e-09
407	0.001	0.0001	1e-05	1e-06	1e-07	1e-08	1e-09
408	0.001	0.0001	1e-05	1e-06	1e-07	1e-08	1e-09
409	0.001	0.0001	1e-05	1e-06	1e-07	1e-08	1e-09
410	0.001	0.0001	1e-05	1e-06	1e-07	1e-08	1e-09
411	0.001	0.0001	1e-05	1e-06	1e-07	1e-08	1e-09
412	0.001	0.0001	1e-05	1e-06	1e-07	1e-08	1e-09
413	0.001	0.0001	1e-05	1e-06	1e-07	1e-08	1e-09
414	0.001	0.0001	1e-05	1e-06	1e-07	1e-08	1e-09
415	0.001	0.0001	1e-05	1e-06	1e-07	1e-08	1e-09
416	0.001	0.0001	1e-05	1e-06	1e-07	1e-08	1e-09
417	0.001	0.0001	1e-05	1e-06	1e-07	1e-08	1e-09
418	0.001	0.0001	1e-05	1e-06	1e-07	1e-08	1e-09
419	0.001	0.0001	1e-05	1e-06	1e-07	1e-08	1e-09
420	0.001	0.0001	1e-05	1e-06	1e-07	1e-08	1e-09
421	0.001	0.0001	1e-05	1e-06	1e-07	1e-08	1e-09
422	0.001	0.0001	1e-05	1e-06	1e-07	1e-08	1e-09
423	0.001	0.0001	1e-05	1e-06	1e-07	1e-08	1e-09
424	0.001	0.0001	1e-05	1e-06	1e-07	1e-08	1e-09
425	0.001	0.0001	1e-05	1e-06	1e-07	1e-08	1e-09
426	0.001	0.0001	1e-05	1e-06	1e-07	1e-08	1e-09
427	0.001	0.0001	1e-05	1e-06	1e-07	1e-08	1e-09
428	0.001	0.0001	1e-05	1e-06	1e-07	1e-08	1e-09
429	0.001	0.0001	1e-05	1e-06	1e-07	1e-08	1e-09
430	0.001	0.0001	1e-05	1e-06	1e-07	1e-08	1e-09
431	0.001	0.0001	1e-05	1e-06	1e-07	1e-08	1e-09
432	0.001	0.0001	1e-05	1e-06	1e-07	1e-08	1e-09
433	0.001	0.0001	1e-05	1e-06	1e-07	1e-08	1e-09
434	0.001	0.0001	1e-05	1e-06	1e-07	1e-08	1e-09
435	0.001	0.0001	1e-05	1e-06	1e-07	1e-08	1e-09
436	0.001	0.0001	1e-05	1e-06	1e-07	1e-08	1e-09
437	0.001	0.0001	1e-05	1e-06	1e-07	1e-08	1e-09
438	0.001	0.0001	1e-05	1e-06	1e-07	1e-08	1e-09
439	0.001	0.0001	1e-05	1e-06	1e-07	1e-08	1e-09
440	0.001	0.0001	1e-05	1e-06	1e-07	1e-08	1e-09
441	0.001	0.0001	1e-05	1e-06	1e-07	1e-08	1e-09
442	0.001	0.0001	1e-05	1e-06	1e-07	1e-08	1e-09
443	0.001	0.0001	1e-05	1e-06	1e-07	1e-08	1e-09
444	0.001	0.0001	1e-05	1e-06	1e-07	1e-08	1e-09
445	0.001	0.0001	1e-05	1e-06	1e-07	1e-08	1e-09
446	0.001	0.0001	1e-05	1e-06	1e-07	1e-08	1e-09
447	0.001	0.0001	1e-05	1e-06	1e-07	1e-08	1e-09
448	0.001	0.0001	1e-05	1e-06	1e-07	1e-08	1e-09
449	0.001	0.0001	1e-05	1e-06	1e-07	1e-08	1e-09
450	0.001	0.0001	1e-05	1e-06	1e-07	1e-08	1e-09
451	0.001	0.0001	1e-05	1e-06	1e-07	1e-08	1e-09
452	0.001	0.0001	1e-05	1e-06	1e-07	1e-08	1e-09
453	0.001	0.0001	1e-05	1e-06	1e-07	1e-08	1e-09
454	0.001	0.0001	1e-05	1e-06	1e-07	1e-08	1e-09
455	0.001	0.0001	1e-05	1e-06	1e-07	1e-08	1e-09
456	0.001	0.0001	1e-05	1e-06	1e-07	1e-08	1e-09
457	0.001	0.0001	1e-05	1e-06	1e-07	1e-08	1e-09
458	0.001	0.0001	1e-05	1e-06	1e-07	1e-08	1e-09
459	0.001	0.0001	1e-05	1e-06	1e-07	1e-08	1e-09
460	0.001	0.0001	1e-05	1e-06	1e-07	1e-08	1e-09
461	0.001	0.0001	1e-05	1e-06	1e-07	1e-08	1e-09
462	0.001	0.0001	1e-05	1e-06	1e-07	1e-08	1e-09
463	0.001	0.0001	1e-05	1e-06	1e-07	1e-08	1e-09
464	0.001	0.0001	1e-05	1e-06	1e-07	1e-08	1e-09
465	0.001	0.0001	1e-05	1e-06	1e-07	1e-08	1e-09
466	0.001	0.0001	1e-05	1e-06	1e-07	1e-08	1e-09
467	0.001	0.0001	1e-05	1e-06	1e-07	1e-08	1e-09
468	0.001	0.0001	1e-05	1e-06	1e-07	1e-08	1e-09
469	0.001	0.0001	1e-05	1e-06	1e-07	1e-08	1e-09
470	0.001	0.0001	1e-05	1e-06	1e-07	1e-08	1e-09
471	0.001	0.0001	1e-05	1e-06	1e-07	1e-08	1e-09
472	0.001	0.0001	1e-05	1e-06	1e-07	1e-08	1e-09
473	0.001	0.0001	1e-05	1e-06	1e-07	1e-08	1e-09
474	0.001	0.0001	1e-05	1e-06	1e-07	1e-08	1e-09
475	0.001	0.0001	1e-05	1e-06	1e-07	1e-08	1e-09
476	0.001	0.0001	1e-05	1e-06	1e-07	1e-08	1e-09
477	0.001	0.0001	1e-05	1e-06	1e-07	1e-08	1e-09
478	0.001	0.0001	1e-05	1e-06	1e-07	1e-08	1e-09
479	0.001	0.0001	1e-05	1e-06	1e-07	1e-08	1e-09
480	0.001	0.0001	1e-05	1e-06	1e-07	1e-08	1e-09
481	0.001	0.0001	1e-05	1e-06	1e-07	1e-08	1e-09
482	0.001	0.0001	1e-05	1e-06	1e-07	1e-08	1e-09
483	0.001	0.0001	1e-05	1e-06	1e-07	1e-08	1e-09
484	0.001	0.0001	1e-05	1e-06	1e-07	1e-08	1e-09
485	0.001	0.0001	1e-05	1e-06	1e-07	1e-08	1e-09
486	0.001	0.0001	1e-05	1e-06	1e-07	1e-08	1e-09
487	0.001	0.0001	1e-05	1e-06	1e-07	1e-08	1e-09
488	0.001	0.0001	1e-05	1e-06	1e-07	1e-08	1e-09
489	0.001	0.0001	1e-05	1e-06	1e-07	1e-08	1e-09
490	0.001	0.0001	1e-05	1e-06	1e-07	1e-08	1e-09
491	0.001	0.0001	1e-05	1e-06	1e-07	1e-08	1e-09
492	0.001	0.0001	1e-05	1e-06	1e-07	1e-08	1e-09
493	0.001	0.0001	1e-05	1e-06	1e-07	1e-08	1e-09
494	0.001	0.0001	1e-05	1e-06	1e-07	1e-08	1e-09
495	0.001	0.0001	1e-05	1e-06	1e-07	1e-08	1e-09
496	0.001	0.0001	1e-05	1e-06	1e-07	1e-08	1e-09
497	0.001	0.0001	1e-05	1e-06	1e-07	1e-08	1e-09
498	0.001	0.0001	1e-05	1e-06	1e-07	1e-08	1e-09
499	0.001	0.0001	1e-05	1e-06	1e-07	1e-08	1e-09
500	0.001	0.0001	1e-05	1e-06	1e-07	1e-08	1e-09
501	0.001	0.0001	1e-05	1e-06	1e-07	1e-08	1e-09
502	0.001	0.0001	1e-05	1e-06	1e-07	1e-08	1e-09
503	0.001	0.0001	1e-05	1e-06	1e-07	1e-08	1e-09
504	0.001	0.0001	1e-05	1e-06	1e-07	1e-08	1e-09
505	0.001	0.0001	1e-05	1e-06	1e-07	1e-08	1e-09
506	0.001	0.0001	1e-05	1e-06	1e-07	1e-08	1e-09
507	0.001	0.0001	1e-05	1e-06	1e-07	1e-08	1e-09
508	0.001	0.0001	1e-05	1e-06	1e-07	1e-08	1e-09
509	0.001	0.0001	1e-05	1e-06	1e-07	1e-08	1e-09
510	0.001	0.0001	1e-05	1e-06	1e-07	1e-08	1e-09
511	0.001	0.0001	1e-05	1e-06	1e-07	1e-08	1e-09
512	0.001	0.0001	1e-05	1e-06	1e-07	1e-08	1e-09
513	0.001	0.0001	1e-05	1e-06	1e-07	1e-08	1e-09
514	0.001	0.0001	1e-05	1e-06	1e-07	1e-08	1e-09
515	0.001	0.0001	1e-05	1e-06	1e-07	1e-08	1e-09
516	0.001	0.0001	1e-05	1e-06	1e-07	1e-08	1e-09
517	0.001	0.0001	1e-05	1e-06	1e-07	1e-08	1e-09
518	0.001	0.0001	1e-05	1e-06	1e-07	1e-08	1e-09
519	0.001	0.0001	1e-05	1e-06	1e-07	1e-08	1e-09
520	0.001	0.0001	1e-05	1e-06	1e-07	1e-08	1e-09
521	0.001	0.0001	1e-05	1e-06	1e-07	1e-08	1e-09
522	0.001	0.0001	1e-05	1e-06	1e-07	1e-08	1e-09
523	0.001	0.0001	1e-05	1e-06	1e-07	1e-08	1e-09
524	0.001	0.0001	1e-05	1e-06	1e-07	1e-08	1e-09
525	0.001	0.0001	1e-05	1e-06	1e-07	1e-08	1e-09
526	0.001	0.0001	1e-05	1e-06	1e-07	1e-08	1e-09
527	0.001	0.0001	1e-05	1e-06	1e-07	1e-08	1e-09
528	0.001	0.0001	1e-05	1e-06	1e-07	1e-08	1e-09
529	0.001	0.0001	1e-05	1e-06	1e-07	1e-08	1e-09
530	0.001	0.0001	1e-05	1e-06	1e-07	1e-08	1e-09
531	0.001	0.0001	1e-05	1e-06	1e-07	1e-08	1e-09
532	0.001	0.0001	1e-05	1e-06	1e-07	1e-08	1e-09
533	0.001	0.0001	1e-05	1e-06	1e-07	1e-08	1e-09
534	0.001	0.0001	1e-05	1e-06	1e-07	1e-08	1e-09
535	0.001	0.0001	1e-05	1e-06	1e-07	1e-08	1e-09
536	0.001	0.0001	1e-05	1e-06	1e-07	1e-08	1e-09
537	0.001	0.0001	1e-05	1e-06	1e-07	1e-08	1e-09
538	0.001	0.0001	1e-05	1e-06	1e-07	1e-08	1e-09
539	0.001	0.0001	1e-05	1e-06	1e-07	1e-08	1e-09
540	0.001	0.0001	1e-05	1e-06	1e-07	1e-08	1e-09
541	0.001	0.0001	1e-05	1e-06	1e-07	1e-08	1e-09
542	0.001	0.0001	1e-05	1e-06	1e-07	1e-08	1e-09
543	0.001	0.0001	1e-05	1e-06	1e-07	1e-08	1e-09
544	0.001	0.0001	1e-05	1e-06	1e-07	1e-08	1e-09
545	0.001	0.0001	1e-05	1e-06	1e-07	1e-08	1e-09
546	0.001	0.0001	1e-05	1e-06	1e-07	1e-08	1e-09
547	0.001	0.0001	1e-05	1e-06	1e-07	1e-08	1e-09
548	0.001	0.0001	1e-05	1e-06	1e-07	1e-08	1e-09
549	0.001	0.0001	1e-05	1e-06	1e-07	1e-08	1e-09
550	0.001	0.0001	1e-05	1e-06	1e-07	1e-08	1e-09
551	0.001	0.0001	1e-05	1e-06	1e-07	1e-08	1e-09
552	0.001	0.0001	1e-05	1e-06	1e-07	1e-08	1e-09
553	0.001	0.0001	1e-05	1e-06	1e-07	1e-08	1e-09
554	0.001	0.0001	1e-05	1e-06	1e-07	1e-08	1e-09
555	0.001	0.0001	1e-05	1e-06	1e-07	1e-08	1e-09
556	0.001	0.0001	1e-05	1e-06	1e-07	1e-08	1e-09
557	0.001	0.0001	1e-05	1e-06	1e-07	1e-08	1e-09
558	0.001	0.0001	1e-05	1e-06	1e-07	1e-08	1e-09
559	0.001	0.0001	1e-05	1e-06	1e-07	1e-08	1e-09
560	0.001	0.0001	1e-05	1e-06	1e-07	1e-08	1e-09
561	0.001	0.0001	1e-05	1e-06	1e-07	1e-08	1e-09
562	0.001	0.0001	1e-05	1e-06	1e-07	1e-08	1e-09
563	0.001	0.0001	1e-05	1e-06	1e-07	1e-08	1e-09
564	0.001	0.0001	1e-05	1e-06	1e-07	1e-08	1e-09
565	0.001	0.0001	1e-05	1e-06	1e-07	1e-08	1e-09
566	0.001	0.0001	1e-05	1e-06	1e-07	1e-08	1e-09
567	0.001	0.0001	1e-05	1e-06	1e-07	1e-08	1e-09
568	0.001	0.0001	1e-05	1e-06	1e-07	1e-08	1e-09
569	0.001	0.0001	1e-05	1e-06	1e-07	1e-08	1e-09
570	0.001	0.0001	1e-05	1e-06	1e-07	1e-08	1e-09
571	0.001	0.0001	1e-05	1e-06	1e-07	1e-08	1e-09
572	0.001	0.0001	1e-05	1e-06	1e-07	1e-08	1e-09
573	0.001	0.0001	1e-05	1e-06	1e-07	1e-08	1e-09
574	0.001	0.0001	1e-05	1e-06	1e-07	1e-08	1e-09
575	0.001	0.0001	1e-05	1e-06	1e-07	1e-08	1e-09
576	0.001	0.0001	1e-05	1e-06	1e-07	1e-08	1e-09
577	0.001	0.0001	1e-05	1e-06	1e-07	1e-08	1e-09
578	0.001	0.0001	1e-05	1e-06	1e-07	1e-08	1e-09
579	0.001	0.0001	1e-05	1e-06	1e-07	1e-08	1e-09
580	0.001	0.0001	1e-05	1e-06	1e-07	1e-08	1e-09
581	0.001	0.0001	1e-05	1e-06	1e-07	1e-08	1e-09
582	0.001	0.0001	1e-05	1e-06	1e-07	1e-08	1e-09
583	0.001	0.0001	1e-05	1e-06	1e-07	1e-08	1e-09
584	0.001	0.0001	1e-05	1e-06	1e-07	1e-08	1e-09
585	0.001	0.0001	1e-05	1e-06	1e-07	1e-08	1e-09
586	0.001	0.0001	1e-05	1e-06	1e-07	1e-08	1e-09
587	0.001	0.0001	1e-05	1e-06	1e-07	1e-08	1e-09
588	0.001	0.0001	1e-05	1e-06	1e-07	1e-08	1e-09
589	0.001	0.0001	1e-05	1e-06	1e-07	1e-08	1e-09
590	0.001	0.0001	1e-05	1e-06	1e-07	1e-08	1e-09
591	0.001	0.0001	1e-05	1e-06	1e-07	1e-08	1e-09
592	0.001	0.0001	1e-05	1e-06	1e-07	1e-08	1e-09
593	0.001	0.0001	1e-05	1e-06	1e-07	1e-08	1e-09
594	0.001	0.0001	1e-05	1e-06	1e-07	1e-08	1e-09
595	0.001	0.0001	1e-05	1e-06	1e-07	1e-08	1e-09
596	0.001	0.0001	1e-05	1e-06	1e-07	1e-08	1e-09
597	0.001	0.0001	1e-05	1e-06	1e-07	1e-08	1e-09
598	0.001	0.0001	1e-05	1e-06	1e-07	1e-08	1e-09
599	0.001	0.0001	1e-05	1e-06	1e-07	1e-08	1e-09
600	0.001	0.0001	1e-05	1e-06	1e-07	1e-08	1e-09
601	0.001	0.0001	1e-05	1e-06	1e-07	1e-08	1e-09
602	0.001	0.0001	1e-05	1e-06	1e-07	1e-08	1e-09
603	0.001	0.0001	1e-05	1e-06	1e-07	1e-08	1e-09
604	0.001	0.0001	1e-05	1e-06	1e-07	1e-08	1e-09
605	0.001	0.0001	1e-05	1e-06	1e-07	1e-08	1e-09
606	0.001	0.0001	1e-05	1e-06	1e-07	1e-08	1e-09
607	0.001	0.0001	1e-05	1e-06	1e-07	1e-08	1e-09
608	0.001	0.0001	1e-05	1e-06	1e-07	1e-08	1e-09
609	0.001	0.0001	1e-05	1e-06	1e-07	1e-08	1e-09
610	0.001	0.0001	1e-05	1e-06	1e-07	1e-08	1e-09
611	0.001	0.0001	1e-05	1e-06	1e-07	1e-08	1e-09
612	0.001	0.0001	1e-05	1e-06	1e-07	1e-08	1e-09
613	0.001	0.0001	1e-05	1e-06	1e-07	1e-08	1e-09
614	0.001	0.0001	1e-05	1e-06	1e-07	1e-08	1e-09
615	0.001	0.0001	1e-05	1e-06	1e-07	1e-08	1e-09
616	0.001	0.0001	1e-05	1e-06	1e-07	1e-08	1e-09
617	0.001	0.0001	1e-05	1e-06	1e-07	1e-08	1e-09
618	0.001	0.0001	1e-05	1e-06	1e-07	1e-08	1e-09
619	0.001	0.0001	1e-05	1e-06	1e-07	1e-08	1e-09
620	0.001	0.0001	1e-05	1e-06	1e-07	1e-08	1e-09
621	0.001	0.0001	1e-05	1e-06	1e-07	1e-08	1e-09
622	0.001	0.0001	1e-05	1e-06	1e-07	1e-08	1e-09
623	0.001	0.0001	1e-05	1e-06	1e-07	1e-08	1e-09
624	0.001	0.0001	1e-05	1e-06	1e-07	1e-08	1e-09
625	0.001	0.0001	1e-05	1e-06	1e-07	1e-08	1e-09
626	0.001	0.0001	1e-05	1e-06	1e-07	1e-08	1e-09
627	0.001	0.0001	1e-05	1e-06	1e-07	1e-08	1e-09
628	0.001	0.0001	1e-05	1e-06	1e-07	1e-08	1e-09
629	0.001	0.0001	1e-05	1e-06	1e-07	1e-08	1e-09
630	0.001	0.0001	1e-05	1e-06	1e-07	1e-08	1e-09
631	0.001	0.0001	1e-05	1e-06	1e-07	1e-08	1e-09
632	0.001	0.0001	1e-05	1e-06	1e-07	1e-08	1e-09
633	0.001	0.0001	1e-05	1e-06	1e-07	1e-08	1e-09
634	0.001	0.0001	1e-05	1e-06	1e-07	1e-08	1e-09
635	0.001	0.0001	1e-05	1e-06	1e-07	1e-08	1e-09
636	0.001	0.0001	1e-05	1e-06	1e-07	1e-08	1e-09
637	0.001	0.0001	1e-05	1e-06	1e-07	1e-08	1e-09
638	0.001	0.0001	1e-05	1e-06	1e-07	1e-08	1e-09
639	0.001	0.0001	1e-05	1e-06	1e-07	1e-08	1e-09
640	0.001	0.0001	1e-05	1e-06	1e-07	1e-08	1e-09
641	0.001	0.0001	1e-05	1e-06	1e-07	1e-08	1e-09
642	0.001	0.0001	1e-05	1e-06	1e-07	1e-08	1e-09
643	0.001	0.0001	1e-05	1e-06	1e-07	1e-08	1e-09
644	0.001	0.0001	1e-05	1e-06	1e-07	1e-08	1e-09
645	0.001	0.0001	1e-05	1e-06	1e-07	1e-08	1e-09
646	0.001	0.0001	1e-05	1e-06	1e-07	1e-08	1e-09
647	0.001	0.0001	1e-05	1e-06	1e-07	1e-08	1e-09
648	0.001	0.0001	1e-05	1e-06	1e-07	1e-08	1e-09
649	0.001	0.0001	1e-05	1e-06	1e-07	1e-08	1e-09
650	0.001	0.0001	1e-05	1e-06	1e-07	1e-08	1e-09
651	0.001	0.0001	1e-05	1e-06	1e-07	1e-08	1e-09
652	0.001	0.0001	1e-05	1e-06	1e-07	1e-08	1e-09
653	0.001	0.0001	1e-05	1e-06	1e-07	1e-08	1e-09
654	0.001	0.0001	1e-05	1e-06	1e-07	1e-08	1e-09
655	0.001	0.0001	1e-05	1e-06	1e-07	1e-08	1e-09
656	0.001	0.0001	1e-05	1e-06	1e-07	1e-08	1e-09
657	0.001	0.0001	1e-05	1e-06	1e-07	1e-08	1e-09
658	0.001	0.0001	1e-05	1e-06	1e-07	1e-08	1e-09
659	0.001	0.0001	1e-05	1e-06	1e-07	1e-08	1e-09
660	0.001	0.0001	1e-05	1e-06	1e-07	1e-08	1e-09
661	0.001	0.0001	1e-05	1e-06	1e-07	1e-08	1e-09
662	0.001	0.0001	1e-05	1e-06	1e-07	1e-08	1e-09
663	0.001	0.0001	1e-05	1e-06	1e-07	1e-08	1e-09
664	0.001	0.0001	1e-05	1e-06	1e-07	1e-08	1e-09
665	0.001	0.0001	1e-05	1e-06	1e-07	1e-08	1e-09
666	0.001	0.0001	1e-05	1e-06	1e-07	1e-08	1e-09
667	0.001	0.0001	1e-05	1e-06	1e-07	1e-08	1e-09
668	0.001	0.0001	1e-05	1e-06	1e-07	1e-08	1e-09
669	0.001	0.0001	1e-05	1e-06	1e-07	1e-08	1e-09
670	0.001	0.0001	1e-05	1e-06	1e-07	1e-08	1e-09
671	0.001	0.0001	1e-05	1e-06	1e-07	1e-08	1e-09
672	0.001	0.0001	1e-05	1e-06	1e-07	1e-08	1e-09
673	0.001	0.0001	1e-05	1e-06	1e-07	1e-08	1e-09
674	0.001	0.0001	1e-05	1e-06	1e-07	1e-08	1e-09
675	0.001	0.0001	1e-05	1e-06	1e-07	1e-08	1e-09
676	0.001	0.0001	1e-05	1e-06	1e-07	1e-08	1e-09
677	0.001	0.0001	1e-05	1e-06	1e-07	1e-08	1e-09
678	0.001	0.0001	1e-05	1e-06	1e-07	1e-08	1e-09
679	0.001	0.0001	1e-05	1e-06	1e-07	1e-08	1e-09
680	0.001	0.0001	1e-05	1e-06	1e-07	1e-08	1e-09
681	0.001	0.0001	1e-05	1e-06	1e-07	1e-08	1e-09
682	0.001	0.0001	1e-05	1e-06	1e-07	1e-08	1e-09
683	0.001	0.0001	1e-05	1e-06	1e-07	1e-08	1e-09
684	0.001	0.0001	1e-05	1e-06	1e-07	1e-08	1e-09
685	0.001	0.0001	1e-05	1e-06	1e-07	1e-08	1e-09
686	0.001	0.0001	1e-05	1e-06	1e-07	1e-08	1e-09
687	0.001	0.0001	1e-05	1e-06	1e-07	1e-08	1e-09
688	0.001	0.0001	1e-05	1e-06	1e-07	1e-08	1e-09
689	0.001	0.0001	1e-05	1e-06	1e-07	1e-08	1e-09
690	0.001	0.0001	1e-05	1e-06	1e-07	1e-08	1e-09
691	0.001	0.0001	1e-05	1e-06	1e-07	1e-08	1e-09
692	0.001	0.0001	1e-05	1e-06	1e-07	1e-08	1e-09
693	0.001	0.0001	1e-05	1e-06	1e-07	1e-08	1e-09
694	0.001	0.0001	1e-05	1e-06	1e-07	1e-08	1e-09
695	0.001	0.0001	1e-05	1e-06	1e-07	1e-08	1e-09
696	0.001	0.0001	1e-05	1e-06	1e-07	1e-08	1e-09
697	0.001	0.0001	1e-05	1e-06	1e-07	1e-08	1e-09
698	0.001	0.0001	1e-05	1e-06	1e-07	1e-08	1e-09
699	0.001	0.0001	1e-05	1e-06	1e-07	1e-08	1e-09
700	0.001	0.0001	1e-05	1e-06	1e-07	1e-08	1e-09
701	0.001	0.0001	1e-05	1e-06	1e-07	1e-08	1e-09
702	0.001	0.0001	1e-05	1e-06	1e-07	1e-08	1e-09
703	0.001	0.0001	1e-05	1e-06	1e-07	1e-08	1e-09
704	0.001	0.0001	1e-05	1e-06	1e-07	1e-08	1e-09
705	0.001	0.0001	1e-05	1e-06	1e-07	1e-08	1e-09
706	0.001	0.0001	1e-05	1e-06	1e-07	1e-08	1e-09
707	0.001	0.0001	1e-05	1e-06	1e-07	1e-08	1e-09
708	0.001	0.0001	1e-05	1e-06	1e-07	1e-08	1e-09
709	0.001	0.0001	1e-05	1e-06	1e-07	1e-08	1e-09
710	0.001	0.0001	1e-05	1e-06	1e-07	1e-08	1e-09
711	0.001	0.0001	1e-05	1e-06	1e-07	1e-08	1e-09
712	0.001	0.0001	1e-05	1e-06	1e-07	1e-08	1e-09
713	0.001	0.0001	1e-05	1e-06	1e-07	1e-08	1e-09
714	0.001	0.0001	1e-05	1e-06	1e-07	1e-08	1e-09
715	0.001	0.0001	1e-05	1e-06	1e-07	1e-08	1e-09
716	0.001	0.0001	1e-05	1e-06	1e-07	1e-08	1e-09
717	0.001	0.0001	1e-05	1e-06	1e-07	1e-08	1e-09
718	0.001	0.0001	1e-05	1e-06	1e-07	1e-08	1e-09
719	0.001	0.0001	1e-05	1e-06	1e-07	1e-08	1e-09
720	0.001	0.0001	1e-05	1e-06	1e-07	1e-08	1e-09
721	0.001	0.0001	1e-05	1e-06	1e-07	1e-08	1e-09
722	0.001	0.0001	1e-05	1e-06	1e-07	1e-08	1e-09
723	0.001	0.0001	1e-05	1e-06	1e-07	1e-08	1e-09
724	0.001	0.0001	1e-05	1e-06	1e-07	1e-08	1e-09
725	0.001	0.0001	1e-05	1e-06	1e-07	1e-08	1e-09
726	0.001	0.0001	1e-05	1e-06	1e-07	1e-08	1e-09
727	0.001	0.0001	1e-05	1e-06	1e-07	1e-08	1e-09
728	0.001	0.0001	1e-05	1e-06	1e-07	1e-08	1e-09
729	0.001	0.0001	1e-05	1e-06	1e-07	1e-08	1e-09
730	0.001	0.0001	1e-05	1e-06	1e-07	1e-08	1e-09
731	0.001	0.0001	1e-05	1e-06	1e-07	1e-08	1e-09
732	0.001	0.0001	1e-05	1e-06	1e-07	1e-08	1e-09
733	0.001	0.0001	1e-05	1e-06	1e-07	1e-08	1e-09
734	0.001	0.0001	1e-05	1e-06	1e-07	1e-08	1e-09
735	0.001	0.0001	1e-05	1e-06	1e-07	1e-08	1e-09
736	0.001	0.0001	1e-05	1e-06	1e-07	1e-08	1e-09
737	0.001	0.0001	1e-05	1e-06	1e-07	1e-08	1e-09
738	0.001	0.0001	1e-05	1e-06	1e-07	1e-08	1e-09
739	0.001	0.0001	1e-05	1e-06	1e-07	1e-08	1e-09
740	0.001	0.0001	1e-05	1e-06	1e-07	1e-08	1e-09
741	0.001	0.0001	1e-05	1e-06	1e-07	1e-08	1e-09
742	0.001	0.0001	1e-05	1e-06	1e-07	1e-08	1e-09
743	0.001	0.0001	1e-05	1e-06	1e-07	1e-08	1e-09
744	0.001	0.0001	1e-05	1e-06	1e-07	1e-08	1e-09
745	0.001	0.0001	1e-05	1e-06	1e-07	1e-08	1e-09
746	0.001	0.0001	1e-05	1e-06	1e-07	1e-08	1e-09
747	0.001	0.0001	1e-05	1e-06	1e-07	1e-08	1e-09
748	0.001	0.0001	1e-05	1e-06	1e-07	1e-08	1e-09
749	0.001	0.0001	1e-05	1e-06	1e-07	1e-08	1e-09
750	0.001	0.0001	1e-05	1e-06	1e-07	1e-08	1e-09
751	0.001	0.0001	1e-05	1e-06	1e-07	1e-08	1e-09
752	0.001	0.0001	1e-05	1e-06	1e-07	1e-08	1e-09
753	0.001	0.0001	1e-05	1e-06	1e-07	1e-08	1e-09
754	0.001	0.0001	1e-05	1e-06	1e-07	1e-08	1e-09
755	0.001	0.0001	1e-05	1e-06	1e-07	1e-08	1e-09
756	0.001	0.0001	1e-05	1e-06	1e-07	1e-08	1e-09
757	0.001	0.0001	1e-05	1e-06	1e-07	1e-08	1e-09
758	0.001	0.0001	1e-05	1e-06	1e-07	1e-08	1e-09
759	0.001	0.0001	1e-05	1e-06	1e-07	1e-08	1e-09
760	0.001	0.0001	1e-05	1e-06	1e-07	1e-08	1e-09
761	0.001	0.0001	1e-05	1e-06	1e-07	1e-08	1e-09
762	0.001	0.0001	1e-05	1e-06	1e-07	1e-08	1e-09
763	0.001	0.0001	1e-05	1e-06	1e-07	1e-08	1e-09
764	0.001	0.0001	1e-05	1e-06	1e-07	1e-08	1e-09
765	0.001	0.0001	1e-05	1e-06	1e-07	1e-08	1e-09
766	0.001	0.0001	1e-05	1e-06	1e-07	1e-08	1e-09
767	0.001	0.0001	1e-05	1e-06	1e-07	1e-08	1e-09
768	0.001	0.0001	1e-05	1e-06	1e-07	1e-08	1e-09
769	0.001	0.0001	1e-05	1e-06	1e-07	1e-08	1e-09
770	0.001	0.0001	1e-05	1e-06	1e-07	1e-08	1e-09
771	0.001	0.0001	1e-05	1e-06	1e-07	1e-08	1e-09
772	0.001	0.0001	1e-05	1e-06	1e-07	1e-08	1e-09
773	0.001	0.0001	1e-05	1e-06	1e-07	1e-08	1e-09
774	0.001	0.0001	1e-05	1e-06	1e-07	1e-08	1e-09
775	0.001	0.0001	1e-05	1e-06	1e-07	1e-08	1e-09
776	0.001	0.0001	1e-05	1e-06	1e-07	1e-08	1e-09
777	0.001	0.0001	1e-05	1e-06	1e-07	1e-08	1e-09
778	0.001	0.0001	1e-05	1e-06	1e-07	1e-08	1e-09
779	0.001	0.0001	1e-05	1e-06	1e-07	1e-08	1e-09
780	0.001	0.0001	1e-05	1e-06	1e-07	1e-08	1e-09
781	0.001	0.0001	1e-05	1e-06	1e-07	1e-08	1e-09
782	0.001	0.0001	1e-05	1e-06	1e-07	1e-08	1e-09
783	0.001	0.0001	1e-05	1e-06	1e-07	1e-08	1e-09
784	0.001	0.0001	1e-05	1e-06	1e-07	1e-08	1e-09
785	0.001	0.0001	1e-05	1e-06	1e-07	1e-08	1e-09
786	0.001	0.0001	1e-05	1e-06	1e-07	1e-08	1e-09
787	0.001	0.0001	1e-05	1e-06	1e-07	1e-08	1e-09
788	0.001	0.0001	1e-05	1e-06	1e-07	1e-08	1e-09
789	0.001	0.0001	1e-05	1e-06	1e-07	1e-08	1e-09
790	0.001	0.0001	1e-05	1e-06	1e-07	1e-08	1e-09
791	0.001	0.0001	1e-05	1e-06	1e-07	1e-08	1e-09
792	0.001	0.0001	1e-05	1e-06	1e-07	1e-08	1e-09
793	0.001	0.0001	1e-05	1e-06	1e-07	1e-08	1e-09
794	0.001	0.0001	1e-05	1e-06	1e-07	1e-08	1e-09
795	0.001	0.0001	1e-05	1e-06	1e-07	1e-08	1e-09
796	0.001	0.0001	1e-05	1e-06	1e-07	1e-08	1e-09
797	0.001	0.0001	1e-05	1e-06	1e-07	1e-08	1e-09
798	0.001	0.0001	1e-05	1e-06	1e-07	1e-08	1e-09
799	0.001	0.0001	1e-05	1e-06	1e-07	1e-08	1e-09
800	0.001	0.0001	1e-05	1e-06	1e-07	1e-08	1e-09
801	0.001	0.0001	1e-05	1e-06	1e-07	1e-08	1e-09
802	0.001	0.0001	1e-05	1e-06	1e-07	1e-08	1e-09
803	0.001	0.0001	1e-05	1e-06	1e-07	1e-08	1e-09
804	0.001	0.0001	1e-05	1e-06	1e-07	1e-08	1e-09
805	0.001	0.0001	1e-05	1e-06	1e-07	1e-08	1e-09
806	0.001	0.0001	1e-05	1e-06	1e-07	1e-08	1e-09
807	0.001	0.0001	1e-05	1e-06	1e-07	1e-08	1e-09
808	0.001	0.0001	1e-05	1e-06	1e-07	1e-08	1e-09
809	0.001	0.0001	1e-05	1e-06	1e-07	1e-08	1e-09
810	0.001	0.0001	1e-05	1e-06	1e-07	1e-08	1e-09
811	0.001	0.0001	1e-05	1e-06	1e-07	1e-08	1e-09
812	0.001	0.0001	1e-05	1e-06	1e-07	1e-08	1e-09
813	0.001	0.0001	1e-05	1e-06	1e-07	1e-08	1e-09
814	0.001	0.0001	1e-05	1e-06	1e-07	1e-08	1e-09
815	0.001	0.0001	1e-05	1e-06	1e-07	1e-08	1e-09
816	0.001	0.0001	1e-05	1e-06	1e-07	1e-08	1e-09
817	0.001	0.0001	1e-05	1e-06	1e-07	1e-08	1e-09
818	0.001	0.0001	1e-05	1e-06	1e-07	1e-08	1e-09
819	0.001	0.0001	1e-05	1e-06	1e-07	1e-08	1e-09
820	0.001	0.0001	1e-05	1e-06	1e-07	1e-08	1e-09
821	0.001	0.0001	1e-05	1e-06	1e-07	1e-08	1e-09
822	0.001	0.0001	1e-05	1e-06	1e-07	1e-08	1e-09
823	0.001	0.0001	1e-05	1e-06	1e-07	1e-08	1e-09
824	0.001	0.0001	1e-05	1e-06	1e-07	1e-08	1e-09
825	0.001	0.0001	1e-05	1e-06	1e-07	1e-08	1e-09
826	0.001	0.0001	1e-05	1e-06	1e-07	1e-08	1e-09
827	0.001	0.0001	1e-05	1e-06	1e-07	1e-08	1e-09
828	0.001	0.0001	1e-05	1e-06	1e-07	1e-08	1e-09
829	0.001	0.0001	1e-05	1e-06	1e-07	1e-08	1e-09
830	0.001	0.0001	1e-05	1e-06	1e-07	1e-08	1e-09
831	0.001	0.0001	1e-05	1e-06	1e-07	1e-08	1e-09
832	0.001	0.0001	1e-05	1e-06	1e-07	1e-08	1e-09
833	0.001	0.0001	1e-05	1e-06	1e-07	1e-08	1e-09
834	0.001	0.0001	1e-05	1e-06	1e-07	1e-08	1e-09
835	0.001	0.0001	1e-05	1e-06	1e-07	1e-08	1e-09
836	0.001	0.0001	1e-05	1e-06	1e-07	1e-08	1e-09
837	0.001	0.0001	1e-05	1e-06	1e-07	1e-08	1e-09
838	0.001	0.0001	1e-05	1e-06	1e-07	1e-08	1e-09
839	0.001	0.0001	1e-05	1e-06	1e-07	1e-08	1e-09
840	0.001	0.0001	1e-05	1e-06	1e-07	1e-08	1e-09
841	0.001	0.0001	1e-05	1e-06	1e-07	1e-08	1e-09
842	0.001	0.0001	1e-05	1e-06	1e-07	1e-08	1e-09
843	0.001	0.0001	1e-05	1e-06	1e-07	1e-08	1e-09
844	0.001	0.0001	1e-05	1e-06	1e-07	1e-08	1e-09
845	0.001	0.0001	1e-05	1e-06	1e-07	1e-08	1e-09
846	0.001	0.0001	1e-05	1e-06	1e-07	1e-08	1e-09
847	0.001	0.0001	1e-05	1e-06	1e-07	1e-08	1e-09
848	0.001	0.0001	1e-05	1e-06	1e-07	1e-08	1e-09
849	0.001	0.0001	1e-05	1e-06	1e-07	1e-08	1e-09
850	0.001	0.0001	1e-05	1e-06	1e-07	1e-08	1e-09
851	0.001	0.0001	1e-05	1e-06	1e-07	1e-08	1e-09
852	0.001	0.0001	1e-05	1e-06	1e-07	1e-08	1e-09
853	0.001	0.0001	1e-05	1e-06	1e-07	1e-08	1e-09
854	0.001	0.0001	1e-05	1e-06	1e-07	1e-08	1e-09
855	0.001	0.0001	1e-05	1e-06	1e-07	1e-08	1e-09
856	0.001	0.0001	1e-05	1e-06	1e-07	1e-08	1e-09
857	0.001	0.0001	1e-05	1e-06	1e-07	1e-08	1e-09
858	0.001	0.0001	1e-05	1e-06	1e-07	1e-08	1e-09
859	0.001	0.0001	1e-05	1e-06	1e-07	1e-08	1e-09
860	0.001	0.0001	1e-05	1e-06	1e-07	1e-08	1e-09
861	0.001	0.0001	1e-05	1e-06	1e-07	1e-08	1e-09
862	0.001	0.0001	1e-05	1e-06	1e-07	1e-08	1e-09
863	0.001	0.0001	1e-05	1e-06	1e-07	1e-08	1e-09
864	0.001	0.0001	1e-05	1e-06	1e-07	1e-08	1e-09
865	0.001	0.0001	1e-05	1e-06	1e-07	1e-08	1e-09
866	0.001	0.0001	1e-05	1e-06	1e-07	1e-08	1e-09
867	0.001	0.0001	1e-05	1e-06	1e-07	1e-08	1e-09
868	0.001	0.0001	1e-05	1e-06	1e-07	1e-08	1e-09
869	0.001	0.0001	1e-05	1e-06	1e-07	1e-08	1e-09
870	0.001	0.0001	1e-05	1e-06	1e-07	1e-08	1e-09
871	0.001	0.0001	1e-05	1e-06	1e-07	1e-08	1e-09
872	0.001	0.0001	1e-05	1e-06	1e-07	1e-08	1e-09
873	0.001	0.0001	1e-05	1e-06	1e-07	1e-08	1e-09
874	0.001	0.0001	1e-05	1e-06	1e-07	1e-08	1e-09
875	0.001	0.0001	1e-05	1e-06	1e-07	1e-08	1e-09
876	0.001	0.0001	1e-05	1e-06	1e-07	1e-08	1e-09
877	0.001	0.0001	1e-05	1e-06	1e-07	1e-08	1e-09
878	0.001	0.0001	1e-05	1e-06	1e-07	1e-08	1e-09
879	0.001	0.0001	1e-05	1e-06	1e-07	1e-08	1e-09
880	0.001	0.0001	1e-05	1e-06	1e-07	1e-08	1e-09
881	0.001	0.0001	1e-05	1e-06	1e-07	1e-08	1e-09
882	0.001	0.0001	1e-05	1e-06	1e-07	1e-08	1e-09
883	0.001	0.0001	1e-05	1e-06	1e-07	1e-08	1e-09
884	0.001	0.0001	1e-05	1e-06	1e-07	1e-08	1e-09
885	0.001	0.0001	1e-05	1e-06	1e-07	1e-08	1e-09
886	0.001	0.0001	1e-05	1e-06	1e-07	1e-08	1e-09
887	0.001	0.0001	1e-05	1e-06	1e-07	1e-08	1e-09
888	0.001	0.0001	1e-05	1e-06	1e-07	1e-08	1e-09
889	0.001	0.0001	1e-05	1e-06	1e-07	1e-08	1e-09
890	0.001	0.0001	1e-05	1e-06	1e-07	1e-08	1e-09
891	0.001	0.0001	1e-05	1e-06	1e-07	1e-08	1e-09
892	0.001	0.0001	1e-05	1e-06	1e-07	1e-08	1e-09
893	0.001	0.0001	1e-05	1e-06	1e-07	1e-08	1e-09
894	0.001	0.0001	1e-05	1e-06	1e-07	1e-08	1e-09
895	0.001	0.0001	1e-05	1e-06	1e-07	1e-08	1e-09
896	0.001	0.0001	1e-05	1e-06	1e-07	1e-08	1e-09
897	0.001	0.0001	1e-05	1e-06	1e-07	1e-08	1e-09
898	0.001	0.0001	1e-05	1e-06	1e-07	1e-08	1e-09
899	0.001	0.0001	1e-05	1e-06	1e-07	1e-08	1e-09
900	0.001	0.0001	1e-05	1e-06	1e-07	1e-08	1e-09
901	0.001	0.0001	1e-05	1e-06	1e-07	1e-08	1e-09
902	0.001	0.0001	1e-05	1e-06	1e-07	1e-08	1e-09
903	0.001	0.0001	1e-05	1e-06	1e-07	1e-08	1e-09
904	0.001	0.0001	1e-05	1e-06	1e-07	1e-08	1e-09
905	0.001	0.0001	1e-05	1e-06	1e-07	1e-08	1e-09
906	0.001	0.0001	1e-05	1e-06	1e-07	1e-08	1e-09
907	0.001	0.0001	1e-05	1e-06	1e-07	1e-08	1e-09
908	0.001	0.0001	1e-05	1e-06	1e-07	1e-08	1e-09
909	0.001	0.0001	1e-05	1e-06	1e-07	1e-08	1e-09
910	0.001	0.0001	1e-05	1e-06	1e-07	1e-08	1e-09
911	0.001	0.0001	1e-05	1e-06	1e-07	1e-08	1e-09
912	0.001	0.0001	1e-05	1e-06	1e-07	1e-08	1e-09
913	0.001	0.0001	1e-05	1e-06	1e-07	1e-08	1e-09
914	0.001	0.0001	1e-05	1e-06	1e-07	1e-08	1e-09
915	0.001	0.0001	1e-05	1e-06	1e-07	1e-08	1e-09
916	0.001	0.0001	1e-05	1e-06	1e-07	1e-08	1e-09
917	0.001	0.0001	1e-05	1e-06	1e-07	1e-08	1e-09
918	0.001	0.0001	1e-05	1e-06	1e-07	1e-08	1e-09
919	0.001	0.0001	1e-05	1e-06	1e-07	1e-08	1e-09
920	0.001	0.0001	1e-05	1e-06	1e-07	1e-08	1e-09
921	0.001	0.0001	1e-05	1e-06	1e-07	1e-08	1e-09
922	0.001	0.0001	1e-05	1e-06	1e-07	1e-08	1e-09
923	0.001	0.0001	1e-05	1e-06	1e-07	1e-08	1e-09
924	0.001	0.0001	1e-05	1e-06	1e-07	1e-08	1e-09
925	0.001	0.0001	1e-05	1e-06	1e-07	1e-08	1e-09
926	0.001	0.0001	1e-05	1e-06	1e-07	1e-08	1e-09
927	0.001	0.0001	1e-05	1e-06	1e-07	1e-08	1e-09
928	0.001	0.0001	1e-05	1e-06	1e-07	1e-08	1e-09
929	0.001	0.0001	1e-05	1e-06	1e-07	1e-08	1e-09
930	0.001	0.0001	1e-05	1e-06	1e-07	1e-08	1e-09
931	0.001	0.0001	1e-05	1e-06	1e-07	1e-08	1e-09
932	0.001	0.0001	1e-05	1e-06	1e-07	1e-08	1e-09
933	0.001	0.0001	1e-05	1e-06	1e-07	1e-08	1e-09
934	0.001	0.0001	1e-05	1e-06	1e-07	1e-08	1e-09
935	0.001	0.0001	1e-05	1e-06	1e-07	1e-08	1e-09
936	0.001	0.0001	1e-05	1e-06	1e-07	1e-08	1e-09
937	0.001	0.0001	1e-05	1e-06	1e-07	1e-08	1e-09
938	0.001	0.0001	1e-05	1e-06	1e-07	1e-08	1e-09
939	0.001	0.0001	1e-05	1e-06	1e-07	1e-08	1e-09
940	0.001	0.0001	1e-05	1e-06	1e-07	1e-08	1e-09
941	0.001	0.0001	1e-05	1e-06	1e-07	1e-08	1e-09
942	0.001	0.0001	1e-05	1e-06	1e-07	1e-08	1e-09
943	0.001	0.0001	1e-05	1e-06	1e-07	1e-08	1e-09
944	0.001	0.0001	1e-05	1e-06	1e-07	1e-08	1e-09
945	0.001	0.0001	1e-05	1e-06	1e-07	1e-08	1e-09
946	0.001	0.0001	1e-05	1e-06	1e-07	1e-08	1e-09
947	0.001	0.0001	1e-05	1e-06	1e-07	1e-08	1e-09
948	0.001	0.0001	1e-05	1e-06	1e-07	1e-08	1e-09
949	0.001	0.0001	1e-05	1e-06	1e-07	1e-08	1e-09
950	0.001	0.0001	1e-05	1e-06	1e-07	1e-08	1e-09
951	0.001	0.0001	1e-05	1e-06	1e-07	1e-08	1e-09
952	0.001	0.0001	1e-05	1e-06	1e-07	1e-08	1e-09
953	0.001	0.0001	1e-05	1e-06	1e-07	1e-08	1e-09
954	0.001	0.0001	1e-05	1e-06	1e-07	1e-08	1e-09
955	0.001	0.0001	1e-05	1e-06	1e-07	1e-08	1e-09
956	0.001	0.0001	1e-05	1e-06	1e-07	1e-08	1e-09
957	0.001	0.0001	1e-05	1e-06	1e-07	1e-08	1e-09
958	0.001	0.0001	1e-05	1e-06	1e-07	1e-08	1e-09
959	0.001	0.0001	1e-05	1e-06	1e-07	1e-08	1e-09
960	0.001	0.0001	1e-05	1e-06	1e-07	1e-08	1e-09
961	0.001	0.0001	1e-05	1e-06	1e-07	1e-08	1e-09
962	0.001	0.0001	1e-05	1e-06	1e-07	1e-08	1e-09
963	0.001	0.0001	1e-05	1e-06	1e-07	1e-08	1e-09
964	0.001	0.0001	1e-05	1e-06	1e-07	1e-08	1e-09
965	0.001	0.0001	1e-05	1e-06	1e-07	1e-08	1e-09
966	0.001	0.0001	1e-05	1e-06	1e-07	1e-08	1e-09
967	0.001	0.0001	1e-05	1e-06	1e-07	1e-08	1e-09
968	0.001	0.0001	1e-05	1e-06	1e-07	1e-08	1e-09
969	0.001	0.0001	1e-05	1e-06	1e-07	1e-08	1e-09
970	0.001	0.0001	1e-05	1e-06	1e-07	1e-08	1e-09
971	0.001	0.0001	1e-05	1e-06	1e-07	1e-08	1e-09
972	0.001	0.0001	1e-05	1e-06	1e-07	1e-08	1e-09
973	0.001	0.0001	1e-05	1e-06	1e-07	1e-08	1e-09
974	0.001	0.0001	1e-05	1e-06	1e-07	1e-08	1e-09
975	0.001	0.0001	1e-05	1e-06	1e-07	1e-08	1e-09
976	0.001	0.0001	1e-05	1e-06	1e-07	1e-08	1e-09
977	0.001	0.0001	1e-05	1e-06	1e-07	1e-08	1e-09
978	0.001	0.0001	1e-05	1e-06	1e-07	1e-08	1e-09
979	0.001	0.0001	1e-05	1e-06	1e-07	1e-08	1e-09
980	0.001	0.0001	1e-05	1e-06	1e-07	1e-08	1e-09
981	0.001	0.0001	1e-05	1e-06	1e-07	1e-08	1e-09
982	0.001	0.0001	1e-05	1e-06	1e-07	1e-08	1e-09
983	0.001	0.0001	1e-05	1e-06	1e-07	1e-08	1e-09
984	0.001	0.0001	1e-05	1e-06	1e-07	1e-08	1e-09
985	0.001	0.0001	1e-05	1e-06	1e-07	1e-08	1e-09
986	0.001	0.0001	1e-05	1e-06	1e-07	1e-08	1e-09
987	0.001	0.0001	1e-05	1e-06	1e-07	1e-08	1e-09
988	0.001	0.0001	1e-05	1e-06	1e-07	1e-08	1e-09
989	0.001	0.0001	1e-05	1e-06	1e-07	1e-08	1e-09
990	0.001	0.0001	1e-05	1e-06	1e-07	1e-08	1e-09
991	0.001	0.0001	1e-05	1e-06	1e-07	1e-08	1e-09
992	0.001	0.0001	1e-05	1e-06	1e-07	1e-08	1e-09
993	0.001	0.0001	1e-05	1e-06	1e-07	1e-08	1e-09
994	0.001	0.0001	1e-05	1e-06	1e-07	1e-08	1e-09
995	0.001	0.0001	1e-05	1e-06	1e-07	1e-08	1e-09
996	0.001	0.0001	1e-05	1e-06	1e-07	1e-08	1e-09
997	0.001	0.0001	1e-05	1e-06	1e-07	1e-08	1e-09
998	0.001	0.0001	1e-05	1e-06	1e-07	1e-08	1e-09
999	0.001	0.0001	1e-05	1e-06	1e-07	1e-08	1e-09
1000	0.001	0.0001	1e-05	1e-06	1e-07	1e-08	1e-09
1001	0.001	0.0001	1e-05	1e-06	1e-07	1e-08	1e-09
