0	-36.0319444549323
0.00100066711140761	-36.0319444549323
0.00200133422281521	-36.0319444549323
0.00300200133422282	-36.0319444549323
0.00400266844563042	-36.0319444549323
0.00500333555703803	-36.0319444549323
0.00600400266844563	-36.0319444549323
0.00700466977985324	-36.0319444549323
0.00800533689126084	-36.0319444549323
0.00900600400266845	-36.0319444549323
0.0100066711140761	-36.0319444549323
0.0110073382254837	-36.0319444549323
0.0120080053368913	-36.0319444549323
0.0130086724482989	-36.0319444549323
0.0140093395597065	-36.0319444549323
0.0150100066711141	-36.0319444549323
0.0160106737825217	-36.0319444549323
0.0170113408939293	-36.0319444549323
0.0180120080053369	-36.0319444549323
0.0190126751167445	-36.0319444549323
0.0200133422281521	-36.0319444549323
0.0210140093395597	-36.0319444549323
0.0220146764509673	-36.0319444549323
0.0230153435623749	-36.0319444549323
0.0240160106737825	-36.0319444549323
0.0250166777851901	-36.0319444549323
0.0260173448965977	-36.0319444549323
0.0270180120080053	-36.0319444549323
0.0280186791194129	-36.0319444549323
0.0290193462308205	-36.0319444549323
0.0300200133422282	-36.0319444549323
0.0310206804536358	-36.0319444549323
0.0320213475650434	-36.0319444549323
0.033022014676451	-36.0319444549323
0.0340226817878586	-36.0319444549323
0.0350233488992662	-36.0319444549323
0.0360240160106738	-36.0319444549323
0.0370246831220814	-36.0319444549323
0.038025350233489	-36.0319444549323
0.0390260173448966	-36.0319444549323
0.0400266844563042	-36.0319444549323
0.0410273515677118	-36.0319444549323
0.0420280186791194	-36.0319444549323
0.043028685790527	-36.0319444549323
0.0440293529019346	-36.0319444549323
0.0450300200133422	-36.0319444549323
0.0460306871247498	-36.0319444549323
0.0470313542361574	-36.0319444549323
0.048032021347565	-36.0319444549323
0.0490326884589726	-36.0319444549323
0.0500333555703803	-36.0319444549323
0.0510340226817879	-36.0319444549323
0.0520346897931955	-36.0319444549323
0.0530353569046031	-36.0319444549323
0.0540360240160107	-36.0319444549323
0.0550366911274183	-36.0319444549323
0.0560373582388259	-36.0319444549323
0.0570380253502335	-36.0319444549323
0.0580386924616411	-36.0319444549323
0.0590393595730487	-36.0319444549323
0.0600400266844563	-36.0319444549323
0.0610406937958639	-36.0319444549323
0.0620413609072715	-36.0319444549323
0.0630420280186791	-36.0319444549323
0.0640426951300867	-36.0319444549323
0.0650433622414943	-36.0319444549323
0.0660440293529019	-36.0319444549323
0.0670446964643095	-36.0319444549323
0.0680453635757171	-36.0319444549323
0.0690460306871248	-36.0319444549323
0.0700466977985324	-36.0319444549323
0.07104736490994	-36.0319444549323
0.0720480320213476	-36.0319444549323
0.0730486991327552	-36.0319444549323
0.0740493662441628	-36.0319444549323
0.0750500333555704	-36.0319444549323
0.076050700466978	-36.0319444549323
0.0770513675783856	-36.0319444549323
0.0780520346897932	-36.0319444549323
0.0790527018012008	-36.0319444549323
0.0800533689126084	-36.0319444549323
0.081054036024016	-36.0319444549323
0.0820547031354236	-36.0319444549323
0.0830553702468312	-36.0319444549323
0.0840560373582388	-36.0319444549323
0.0850567044696464	-36.0319444549323
0.086057371581054	-36.0319444549323
0.0870580386924616	-36.0319444549323
0.0880587058038692	-36.0319444549323
0.0890593729152769	-36.0319444549323
0.0900600400266845	-36.0319444549323
0.0910607071380921	-36.0319444549323
0.0920613742494997	-36.0319444549323
0.0930620413609073	-36.0319444549323
0.0940627084723149	-36.0319444549323
0.0950633755837225	-36.0319444549323
0.0960640426951301	-36.0319444549323
0.0970647098065377	-36.0319444549323
0.0980653769179453	-36.0319444549323
0.0990660440293529	-36.0319444549323
0.100066711140761	-36.0319444549323
0.101067378252168	-36.0319444549323
0.102068045363576	-36.0319444549323
0.103068712474983	-36.0319444549323
0.104069379586391	-36.0319444549323
0.105070046697799	-36.0319444549323
0.106070713809206	-36.0319444549323
0.107071380920614	-36.0319444549323
0.108072048032021	-36.0319444549323
0.109072715143429	-36.0319444549323
0.110073382254837	-36.0319444549323
0.111074049366244	-36.0319444549323
0.112074716477652	-36.0319444549323
0.113075383589059	-36.0319444549323
0.114076050700467	-36.0319444549323
0.115076717811875	-36.0319444549323
0.116077384923282	-36.0319444549323
0.11707805203469	-36.0319444549323
0.118078719146097	-36.0319444549323
0.119079386257505	-36.0319444549323
0.120080053368913	-36.0319444549323
0.12108072048032	-36.0319444549323
0.122081387591728	-36.0319444549323
0.123082054703135	-36.0319444549323
0.124082721814543	-36.0319444549323
0.125083388925951	-36.0319444549323
0.126084056037358	-36.0319444549323
0.127084723148766	-36.0319444549323
0.128085390260173	-36.0319444549323
0.129086057371581	-36.0319444549323
0.130086724482989	-36.0319444549323
0.131087391594396	-36.0319444549323
0.132088058705804	-36.0319444549323
0.133088725817211	-36.0319444549323
0.134089392928619	-36.0319444549323
0.135090060040027	-36.0319444549323
0.136090727151434	-36.0319444549323
0.137091394262842	-36.0319444549323
0.13809206137425	-36.0319444549323
0.139092728485657	-36.0319444549323
0.140093395597065	-36.0319444549323
0.141094062708472	-36.0319444549323
0.14209472981988	-36.0319444549323
0.143095396931288	-36.0319444549323
0.144096064042695	-36.0319444549323
0.145096731154103	-36.0319444549323
0.14609739826551	-36.0319444549323
0.147098065376918	-36.0319444549323
0.148098732488326	-36.0319444549323
0.149099399599733	-36.0319444549323
0.150100066711141	-36.0319444549323
0.151100733822548	-36.0319444549323
0.152101400933956	-36.0319444549323
0.153102068045364	-36.0319444549323
0.154102735156771	-36.0319444549323
0.155103402268179	-36.0319444549323
0.156104069379586	-36.0319444549323
0.157104736490994	-36.0319444549323
0.158105403602402	-36.0319444549323
0.159106070713809	-36.0319444549323
0.160106737825217	-36.0319444549323
0.161107404936624	-36.0319444549323
0.162108072048032	-36.0319444549323
0.16310873915944	-36.0319444549322
0.164109406270847	-36.0319444549322
0.165110073382255	-36.0319444549322
0.166110740493662	-36.0319444549322
0.16711140760507	-36.0319444549322
0.168112074716478	-36.0319444549322
0.169112741827885	-36.0319444549322
0.170113408939293	-36.0319444549322
0.1711140760507	-36.0319444549322
0.172114743162108	-36.0319444549322
0.173115410273516	-36.0319444549322
0.174116077384923	-36.0319444549322
0.175116744496331	-36.0319444549322
0.176117411607738	-36.0319444549322
0.177118078719146	-36.0319444549322
0.178118745830554	-36.0319444549322
0.179119412941961	-36.0319444549322
0.180120080053369	-36.0319444549322
0.181120747164777	-36.0319444549322
0.182121414276184	-36.0319444549322
0.183122081387592	-36.0319444549321
0.184122748498999	-36.0319444549321
0.185123415610407	-36.0319444549321
0.186124082721815	-36.0319444549321
0.187124749833222	-36.0319444549321
0.18812541694463	-36.0319444549321
0.189126084056037	-36.0319444549321
0.190126751167445	-36.0319444549321
0.191127418278853	-36.0319444549321
0.19212808539026	-36.0319444549321
0.193128752501668	-36.0319444549321
0.194129419613075	-36.0319444549321
0.195130086724483	-36.031944454932
0.196130753835891	-36.031944454932
0.197131420947298	-36.031944454932
0.198132088058706	-36.031944454932
0.199132755170113	-36.031944454932
0.200133422281521	-36.031944454932
0.201134089392929	-36.031944454932
0.202134756504336	-36.0319444549319
0.203135423615744	-36.0319444549319
0.204136090727151	-36.0319444549319
0.205136757838559	-36.0319444549319
0.206137424949967	-36.0319444549319
0.207138092061374	-36.0319444549319
0.208138759172782	-36.0319444549318
0.209139426284189	-36.0319444549318
0.210140093395597	-36.0319444549318
0.211140760507005	-36.0319444549318
0.212141427618412	-36.0319444549318
0.21314209472982	-36.0319444549317
0.214142761841227	-36.0319444549317
0.215143428952635	-36.0319444549317
0.216144096064043	-36.0319444549317
0.21714476317545	-36.0319444549316
0.218145430286858	-36.0319444549316
0.219146097398266	-36.0319444549316
0.220146764509673	-36.0319444549316
0.221147431621081	-36.0319444549315
0.222148098732488	-36.0319444549315
0.223148765843896	-36.0319444549315
0.224149432955304	-36.0319444549314
0.225150100066711	-36.0319444549314
0.226150767178119	-36.0319444549314
0.227151434289526	-36.0319444549313
0.228152101400934	-36.0319444549313
0.229152768512342	-36.0319444549312
0.230153435623749	-36.0319444549312
0.231154102735157	-36.0319444549312
0.232154769846564	-36.0319444549311
0.233155436957972	-36.0319444549311
0.23415610406938	-36.031944454931
0.235156771180787	-36.031944454931
0.236157438292195	-36.0319444549309
0.237158105403602	-36.0319444549309
0.23815877251501	-36.0319444549308
0.239159439626418	-36.0319444549307
0.240160106737825	-36.0319444549307
0.241160773849233	-36.0319444549306
0.24216144096064	-36.0319444549305
0.243162108072048	-36.0319444549305
0.244162775183456	-36.0319444549304
0.245163442294863	-36.0319444549303
0.246164109406271	-36.0319444549302
0.247164776517678	-36.0319444549302
0.248165443629086	-36.0319444549301
0.249166110740494	-36.03194445493
0.250166777851901	-36.0319444549299
0.251167444963309	-36.0319444549298
0.252168112074716	-36.0319444549297
0.253168779186124	-36.0319444549296
0.254169446297532	-36.0319444549295
0.255170113408939	-36.0319444549294
0.256170780520347	-36.0319444549292
0.257171447631754	-36.0319444549291
0.258172114743162	-36.031944454929
0.25917278185457	-36.0319444549289
0.260173448965977	-36.0319444549287
0.261174116077385	-36.0319444549286
0.262174783188793	-36.0319444549284
0.2631754503002	-36.0319444549283
0.264176117411608	-36.0319444549281
0.265176784523015	-36.031944454928
0.266177451634423	-36.0319444549278
0.267178118745831	-36.0319444549276
0.268178785857238	-36.0319444549274
0.269179452968646	-36.0319444549272
0.270180120080053	-36.031944454927
0.271180787191461	-36.0319444549268
0.272181454302869	-36.0319444549266
0.273182121414276	-36.0319444549264
0.274182788525684	-36.0319444549261
0.275183455637091	-36.0319444549259
0.276184122748499	-36.0319444549257
0.277184789859907	-36.0319444549254
0.278185456971314	-36.0319444549251
0.279186124082722	-36.0319444549248
0.280186791194129	-36.0319444549245
0.281187458305537	-36.0319444549242
0.282188125416945	-36.0319444549239
0.283188792528352	-36.0319444549236
0.28418945963976	-36.0319444549232
0.285190126751167	-36.0319444549229
0.286190793862575	-36.0319444549225
0.287191460973983	-36.0319444549221
0.28819212808539	-36.0319444549217
0.289192795196798	-36.0319444549213
0.290193462308205	-36.0319444549208
0.291194129419613	-36.0319444549204
0.292194796531021	-36.0319444549199
0.293195463642428	-36.0319444549194
0.294196130753836	-36.0319444549189
0.295196797865243	-36.0319444549184
0.296197464976651	-36.0319444549178
0.297198132088059	-36.0319444549173
0.298198799199466	-36.0319444549167
0.299199466310874	-36.0319444549161
0.300200133422282	-36.0319444549154
0.301200800533689	-36.0319444549148
0.302201467645097	-36.0319444549141
0.303202134756504	-36.0319444549133
0.304202801867912	-36.0319444549126
0.30520346897932	-36.0319444549118
0.306204136090727	-36.031944454911
0.307204803202135	-36.0319444549102
0.308205470313542	-36.0319444549093
0.30920613742495	-36.0319444549084
0.310206804536358	-36.0319444549074
0.311207471647765	-36.0319444549064
0.312208138759173	-36.0319444549054
0.31320880587058	-36.0319444549044
0.314209472981988	-36.0319444549033
0.315210140093396	-36.0319444549021
0.316210807204803	-36.0319444549009
0.317211474316211	-36.0319444548997
0.318212141427618	-36.0319444548984
0.319212808539026	-36.0319444548971
0.320213475650434	-36.0319444548957
0.321214142761841	-36.0319444548942
0.322214809873249	-36.0319444548927
0.323215476984656	-36.0319444548911
0.324216144096064	-36.0319444548895
0.325216811207472	-36.0319444548878
0.326217478318879	-36.0319444548861
0.327218145430287	-36.0319444548843
0.328218812541694	-36.0319444548824
0.329219479653102	-36.0319444548804
0.33022014676451	-36.0319444548783
0.331220813875917	-36.0319444548762
0.332221480987325	-36.031944454874
0.333222148098732	-36.0319444548717
0.33422281521014	-36.0319444548693
0.335223482321548	-36.0319444548668
0.336224149432955	-36.0319444548642
0.337224816544363	-36.0319444548615
0.33822548365577	-36.0319444548587
0.339226150767178	-36.0319444548558
0.340226817878586	-36.0319444548528
0.341227484989993	-36.0319444548497
0.342228152101401	-36.0319444548464
0.343228819212809	-36.031944454843
0.344229486324216	-36.0319444548395
0.345230153435624	-36.0319444548359
0.346230820547031	-36.031944454832
0.347231487658439	-36.0319444548281
0.348232154769847	-36.031944454824
0.349232821881254	-36.0319444548197
0.350233488992662	-36.0319444548153
0.351234156104069	-36.0319444548106
0.352234823215477	-36.0319444548058
0.353235490326885	-36.0319444548009
0.354236157438292	-36.0319444547957
0.3552368245497	-36.0319444547903
0.356237491661107	-36.0319444547847
0.357238158772515	-36.0319444547788
0.358238825883923	-36.0319444547728
0.35923949299533	-36.0319444547665
0.360240160106738	-36.03194445476
0.361240827218145	-36.0319444547532
0.362241494329553	-36.0319444547461
0.363242161440961	-36.0319444547387
0.364242828552368	-36.0319444547311
0.365243495663776	-36.0319444547232
0.366244162775183	-36.0319444547149
0.367244829886591	-36.0319444547063
0.368245496997999	-36.0319444546974
0.369246164109406	-36.0319444546881
0.370246831220814	-36.0319444546785
0.371247498332221	-36.0319444546685
0.372248165443629	-36.0319444546581
0.373248832555037	-36.0319444546473
0.374249499666444	-36.031944454636
0.375250166777852	-36.0319444546243
0.37625083388926	-36.0319444546122
0.377251501000667	-36.0319444545995
0.378252168112075	-36.0319444545864
0.379252835223482	-36.0319444545728
0.38025350233489	-36.0319444545586
0.381254169446298	-36.0319444545438
0.382254836557705	-36.0319444545285
0.383255503669113	-36.0319444545126
0.38425617078052	-36.031944454496
0.385256837891928	-36.0319444544788
0.386257505003336	-36.0319444544609
0.387258172114743	-36.0319444544423
0.388258839226151	-36.031944454423
0.389259506337558	-36.0319444544029
0.390260173448966	-36.031944454382
0.391260840560374	-36.0319444543603
0.392261507671781	-36.0319444543377
0.393262174783189	-36.0319444543143
0.394262841894596	-36.0319444542899
0.395263509006004	-36.0319444542645
0.396264176117412	-36.0319444542382
0.397264843228819	-36.0319444542108
0.398265510340227	-36.0319444541823
0.399266177451634	-36.0319444541528
0.400266844563042	-36.031944454122
0.40126751167445	-36.03194445409
0.402268178785857	-36.0319444540568
0.403268845897265	-36.0319444540223
0.404269513008672	-36.0319444539864
0.40527018012008	-36.031944453949
0.406270847231488	-36.0319444539102
0.407271514342895	-36.0319444538699
0.408272181454303	-36.031944453828
0.409272848565711	-36.0319444537844
0.410273515677118	-36.0319444537392
0.411274182788526	-36.0319444536921
0.412274849899933	-36.0319444536431
0.413275517011341	-36.0319444535923
0.414276184122749	-36.0319444535394
0.415276851234156	-36.0319444534845
0.416277518345564	-36.0319444534274
0.417278185456971	-36.031944453368
0.418278852568379	-36.0319444533063
0.419279519679787	-36.0319444532421
0.420280186791194	-36.0319444531754
0.421280853902602	-36.0319444531061
0.422281521014009	-36.0319444530341
0.423282188125417	-36.0319444529592
0.424282855236825	-36.0319444528813
0.425283522348232	-36.0319444528004
0.42628418945964	-36.0319444527163
0.427284856571047	-36.0319444526289
0.428285523682455	-36.031944452538
0.429286190793863	-36.0319444524435
0.43028685790527	-36.0319444523454
0.431287525016678	-36.0319444522433
0.432288192128085	-36.0319444521372
0.433288859239493	-36.0319444520269
0.434289526350901	-36.0319444519123
0.435290193462308	-36.0319444517932
0.436290860573716	-36.0319444516693
0.437291527685123	-36.0319444515406
0.438292194796531	-36.0319444514068
0.439292861907939	-36.0319444512677
0.440293529019346	-36.0319444511231
0.441294196130754	-36.0319444509728
0.442294863242161	-36.0319444508166
0.443295530353569	-36.0319444506543
0.444296197464977	-36.0319444504855
0.445296864576384	-36.03194445031
0.446297531687792	-36.0319444501277
0.447298198799199	-36.0319444499381
0.448298865910607	-36.0319444497411
0.449299533022015	-36.0319444495363
0.450300200133422	-36.0319444493234
0.45130086724483	-36.0319444491021
0.452301534356237	-36.0319444488721
0.453302201467645	-36.031944448633
0.454302868579053	-36.0319444483845
0.45530353569046	-36.0319444481262
0.456304202801868	-36.0319444478577
0.457304869913276	-36.0319444475786
0.458305537024683	-36.0319444472885
0.459306204136091	-36.0319444469869
0.460306871247498	-36.0319444466734
0.461307538358906	-36.0319444463476
0.462308205470314	-36.0319444460089
0.463308872581721	-36.0319444456569
0.464309539693129	-36.031944445291
0.465310206804536	-36.0319444449106
0.466310873915944	-36.0319444445152
0.467311541027352	-36.0319444441042
0.468312208138759	-36.0319444436771
0.469312875250167	-36.031944443233
0.470313542361574	-36.0319444427715
0.471314209472982	-36.0319444422917
0.47231487658439	-36.031944441793
0.473315543695797	-36.0319444412746
0.474316210807205	-36.0319444407358
0.475316877918612	-36.0319444401757
0.47631754503002	-36.0319444395936
0.477318212141428	-36.0319444389884
0.478318879252835	-36.0319444383594
0.479319546364243	-36.0319444377056
0.48032021347565	-36.0319444370259
0.481320880587058	-36.0319444363195
0.482321547698466	-36.0319444355852
0.483322214809873	-36.0319444348219
0.484322881921281	-36.0319444340285
0.485323549032688	-36.0319444332038
0.486324216144096	-36.0319444323466
0.487324883255504	-36.0319444314555
0.488325550366911	-36.0319444305294
0.489326217478319	-36.0319444295666
0.490326884589727	-36.0319444285659
0.491327551701134	-36.0319444275257
0.492328218812542	-36.0319444264444
0.493328885923949	-36.0319444253205
0.494329553035357	-36.0319444241523
0.495330220146765	-36.031944422938
0.496330887258172	-36.0319444216757
0.49733155436958	-36.0319444203637
0.498332221480987	-36.0319444189999
0.499332888592395	-36.0319444175823
0.500333555703803	-36.0319444161088
0.50133422281521	-36.0319444145771
0.502334889926618	-36.0319444129851
0.503335557038025	-36.0319444113302
0.504336224149433	-36.03194440961
0.505336891260841	-36.0319444078219
0.506337558372248	-36.0319444059634
0.507338225483656	-36.0319444040314
0.508338892595063	-36.0319444020233
0.509339559706471	-36.031944399936
0.510340226817879	-36.0319443977663
0.511340893929286	-36.0319443955109
0.512341561040694	-36.0319443931667
0.513342228152101	-36.0319443907299
0.514342895263509	-36.031944388197
0.515343562374917	-36.0319443855642
0.516344229486324	-36.0319443828275
0.517344896597732	-36.0319443799828
0.518345563709139	-36.0319443770259
0.519346230820547	-36.0319443739524
0.520346897931955	-36.0319443707576
0.521347565043362	-36.0319443674367
0.52234823215477	-36.0319443639849
0.523348899266177	-36.0319443603968
0.524349566377585	-36.0319443566673
0.525350233488993	-36.0319443527905
0.5263509006004	-36.0319443487608
0.527351567711808	-36.0319443445722
0.528352234823215	-36.0319443402183
0.529352901934623	-36.0319443356926
0.530353569046031	-36.0319443309884
0.531354236157438	-36.0319443260986
0.532354903268846	-36.0319443210159
0.533355570380253	-36.0319443157326
0.534356237491661	-36.031944310241
0.535356904603069	-36.0319443045326
0.536357571714476	-36.0319442985991
0.537358238825884	-36.0319442924315
0.538358905937292	-36.0319442860205
0.539359573048699	-36.0319442793567
0.540360240160107	-36.0319442724299
0.541360907271514	-36.0319442652298
0.542361574382922	-36.0319442577457
0.54336224149433	-36.0319442499664
0.544362908605737	-36.0319442418801
0.545363575717145	-36.0319442334748
0.546364242828552	-36.0319442247379
0.54736490993996	-36.0319442156564
0.548365577051368	-36.0319442062165
0.549366244162775	-36.0319441964042
0.550366911274183	-36.0319441862048
0.55136757838559	-36.0319441756031
0.552368245496998	-36.031944164583
0.553368912608406	-36.0319441531282
0.554369579719813	-36.0319441412215
0.555370246831221	-36.0319441288451
0.556370913942628	-36.0319441159804
0.557371581054036	-36.0319441026081
0.558372248165444	-36.0319440887083
0.559372915276851	-36.0319440742601
0.560373582388259	-36.0319440592419
0.561374249499666	-36.0319440436312
0.562374916611074	-36.0319440274047
0.563375583722482	-36.031944010538
0.564376250833889	-36.0319439930058
0.565376917945297	-36.031943974782
0.566377585056704	-36.0319439558392
0.567378252168112	-36.0319439361491
0.56837891927952	-36.0319439156822
0.569379586390927	-36.0319438944078
0.570380253502335	-36.0319438722941
0.571380920613742	-36.031943849308
0.57238158772515	-36.0319438254151
0.573382254836558	-36.0319438005795
0.574382921947965	-36.0319437747642
0.575383589059373	-36.0319437479303
0.57638425617078	-36.0319437200378
0.577384923282188	-36.031943691045
0.578385590393596	-36.0319436609082
0.579386257505003	-36.0319436295826
0.580386924616411	-36.0319435970211
0.581387591727819	-36.031943563175
0.582388258839226	-36.0319435279936
0.583388925950634	-36.0319434914242
0.584389593062041	-36.0319434534121
0.585390260173449	-36.0319434139004
0.586390927284857	-36.0319433728298
0.587391594396264	-36.0319433301389
0.588392261507672	-36.0319432857639
0.589392928619079	-36.0319432396381
0.590393595730487	-36.0319431916926
0.591394262841895	-36.0319431418555
0.592394929953302	-36.0319430900523
0.59339559706471	-36.0319430362054
0.594396264176117	-36.0319429802341
0.595396931287525	-36.0319429220547
0.596397598398933	-36.0319428615799
0.59739826551034	-36.0319427987194
0.598398932621748	-36.0319427333788
0.599399599733155	-36.0319426654605
0.600400266844563	-36.0319425948627
0.601400933955971	-36.0319425214797
0.602401601067378	-36.0319424452015
0.603402268178786	-36.0319423659141
0.604402935290194	-36.0319422834986
0.605403602401601	-36.0319421978317
0.606404269513009	-36.0319421087851
0.607404936624416	-36.0319420162255
0.608405603735824	-36.0319419200142
0.609406270847232	-36.0319418200072
0.610406937958639	-36.0319417160547
0.611407605070047	-36.0319416080012
0.612408272181454	-36.0319414956847
0.613408939292862	-36.0319413789371
0.61440960640427	-36.0319412575837
0.615410273515677	-36.0319411314426
0.616410940627085	-36.0319410003251
0.617411607738492	-36.0319408640347
0.6184122748499	-36.0319407223675
0.619412941961308	-36.0319405751112
0.620413609072715	-36.0319404220454
0.621414276184123	-36.0319402629409
0.62241494329553	-36.0319400975594
0.623415610406938	-36.0319399256533
0.624416277518346	-36.0319397469653
0.625416944629753	-36.0319395612277
0.626417611741161	-36.0319393681624
0.627418278852568	-36.0319391674803
0.628418945963976	-36.031938958881
0.629419613075384	-36.031938742052
0.630420280186791	-36.0319385166688
0.631420947298199	-36.0319382823938
0.632421614409606	-36.0319380388762
0.633422281521014	-36.0319377857515
0.634422948632422	-36.0319375226405
0.635423615743829	-36.0319372491493
0.636424282855237	-36.0319369648685
0.637424949966644	-36.0319366693722
0.638425617078052	-36.0319363622181
0.63942628418946	-36.0319360429462
0.640426951300867	-36.0319357110785
0.641427618412275	-36.031935366118
0.642428285523682	-36.0319350075482
0.64342895263509	-36.0319346348322
0.644429619746498	-36.0319342474119
0.645430286857905	-36.0319338447072
0.646430953969313	-36.031933426115
0.64743162108072	-36.0319329910087
0.648432288192128	-36.0319325387366
0.649432955303536	-36.0319320686217
0.650433622414943	-36.0319315799598
0.651434289526351	-36.0319310720194
0.652434956637759	-36.0319305440398
0.653435623749166	-36.0319299952305
0.654436290860574	-36.0319294247697
0.655436957971981	-36.0319288318032
0.656437625083389	-36.0319282154432
0.657438292194797	-36.0319275747666
0.658438959306204	-36.0319269088142
0.659439626417612	-36.0319262165889
0.660440293529019	-36.031925497054
0.661440960640427	-36.0319247491321
0.662441627751835	-36.0319239717035
0.663442294863242	-36.0319231636039
0.66444296197465	-36.0319223236234
0.665443629086057	-36.0319214505041
0.666444296197465	-36.0319205429387
0.667444963308873	-36.0319195995683
0.66844563042028	-36.0319186189803
0.669446297531688	-36.0319175997063
0.670446964643095	-36.0319165402202
0.671447631754503	-36.0319154389354
0.672448298865911	-36.031914294203
0.673448965977318	-36.031913104309
0.674449633088726	-36.0319118674714
0.675450300200133	-36.0319105818385
0.676450967311541	-36.0319092454851
0.677451634422949	-36.0319078564101
0.678452301534356	-36.0319064125337
0.679452968645764	-36.0319049116939
0.680453635757171	-36.0319033516432
0.681454302868579	-36.0319017300458
0.682454969979987	-36.0319000444735
0.683455637091394	-36.0318982924024
0.684456304202802	-36.031896471209
0.685456971314209	-36.0318945781663
0.686457638425617	-36.0318926104397
0.687458305537025	-36.0318905650828
0.688458972648432	-36.031888439033
0.68945963975984	-36.0318862291067
0.690460306871247	-36.031883931995
0.691460973982655	-36.0318815442581
0.692461641094063	-36.0318790623208
0.69346230820547	-36.0318764824667
0.694462975316878	-36.0318738008327
0.695463642428286	-36.0318710134036
0.696464309539693	-36.0318681160055
0.697464976651101	-36.0318651042999
0.698465643762508	-36.0318619737771
0.699466310873916	-36.0318587197498
0.700466977985324	-36.0318553373452
0.701467645096731	-36.0318518214989
0.702468312208139	-36.0318481669462
0.703468979319546	-36.0318443682149
0.704469646430954	-36.031840419617
0.705470313542362	-36.0318363152399
0.706470980653769	-36.0318320489379
0.707471647765177	-36.0318276143227
0.708472314876584	-36.0318230047541
0.709472981987992	-36.0318182133299
0.7104736490994	-36.0318132328755
0.711474316210807	-36.0318080559334
0.712474983322215	-36.0318026747517
0.713475650433622	-36.031797081273
0.71447631754503	-36.0317912671216
0.715476984656438	-36.0317852235917
0.716477651767845	-36.0317789416338
0.717478318879253	-36.0317724118416
0.71847898599066	-36.0317656244375
0.719479653102068	-36.0317585692584
0.720480320213476	-36.03175123574
0.721480987324883	-36.0317436129013
0.722481654436291	-36.0317356893281
0.723482321547698	-36.031727453156
0.724482988659106	-36.0317188920523
0.725483655770514	-36.0317099931979
0.726484322881921	-36.031700743268
0.727484989993329	-36.031691128412
0.728485657104736	-36.031681134233
0.729486324216144	-36.0316707457659
0.730486991327552	-36.0316599474555
0.731487658438959	-36.0316487231326
0.732488325550367	-36.0316370559903
0.733488992661774	-36.0316249285586
0.734489659773182	-36.0316123226783
0.73549032688459	-36.0315992194738
0.736490993995997	-36.0315855993246
0.737491661107405	-36.0315714418366
0.738492328218812	-36.0315567258105
0.73949299533022	-36.0315414292113
0.740493662441628	-36.0315255291341
0.741494329553035	-36.0315090017708
0.742494996664443	-36.0314918223738
0.743495663775851	-36.0314739652193
0.744496330887258	-36.0314554035684
0.745496997998666	-36.0314361096275
0.746497665110073	-36.0314160545066
0.747498332221481	-36.0313952081758
0.748498999332889	-36.0313735394203
0.749499666444296	-36.0313510157941
0.750500333555704	-36.0313276035711
0.751501000667111	-36.0313032676944
0.752501667778519	-36.0312779717244
0.753502334889927	-36.0312516777837
0.754503002001334	-36.0312243465005
0.755503669112742	-36.0311959369499
0.756504336224149	-36.0311664065923
0.757505003335557	-36.0311357112099
0.758505670446965	-36.0311038048404
0.759506337558372	-36.0310706397082
0.76050700466978	-36.0310361661529
0.761507671781188	-36.0310003325549
0.762508338892595	-36.0309630852582
0.763509006004003	-36.0309243684897
0.76450967311541	-36.0308841242763
0.765510340226818	-36.0308422923575
0.766511007338226	-36.0307988100956
0.767511674449633	-36.0307536123816
0.768512341561041	-36.0307066315378
0.769513008672448	-36.0306577972168
0.770513675783856	-36.0306070362954
0.771514342895264	-36.0305542727659
0.772515010006671	-36.030499427622
0.773515677118079	-36.0304424187401
0.774516344229486	-36.0303831607571
0.775517011340894	-36.0303215649419
0.776517678452302	-36.030257539063
0.777518345563709	-36.0301909872499
0.778519012675117	-36.0301218098501
0.779519679786524	-36.0300499032796
0.780520346897932	-36.0299751598678
0.78152101400934	-36.0298974676963
0.782521681120747	-36.0298167104313
0.783522348232155	-36.0297327671494
0.784523015343562	-36.0296455121566
0.78552368245497	-36.0295548148002
0.786524349566378	-36.0294605392727
0.787525016677785	-36.029362544409
0.788525683789193	-36.0292606834746
0.7895263509006	-36.0291548039464
0.790527018012008	-36.0290447472836
0.791527685123416	-36.0289303486909
0.792528352234823	-36.0288114368715
0.793529019346231	-36.0286878337706
0.794529686457638	-36.0285593543089
0.795530353569046	-36.0284258061053
0.796531020680454	-36.0282869891889
0.797531687791861	-36.0281426956999
0.798532354903269	-36.0279927095776
0.799533022014676	-36.0278368062376
0.800533689126084	-36.0276747522353
0.801534356237492	-36.0275063049162
0.802535023348899	-36.0273312120525
0.803535690460307	-36.0271492114658
0.804536357571714	-36.0269600306343
0.805537024683122	-36.0267633862845
0.80653769179453	-36.0265589839675
0.807538358905937	-36.0263465176178
0.808539026017345	-36.026125669095
0.809539693128753	-36.0258961077075
0.81054036024016	-36.0256574897175
0.811541027351568	-36.025409457826
0.812541694462975	-36.0251516406379
0.813542361574383	-36.024883652106
0.814543028685791	-36.0246050909528
0.815543695797198	-36.0243155400696
0.816544362908606	-36.0240145658923
0.817545030020013	-36.0237017177516
0.818545697131421	-36.0233765271987
0.819546364242829	-36.0230385073036
0.820547031354236	-36.0226871519262
0.821547698465644	-36.022321934958
0.822548365577051	-36.0219423095348
0.823549032688459	-36.0215477072176
0.824549699799867	-36.0211375371413
0.825550366911274	-36.0207111851306
0.826551034022682	-36.0202680127793
0.827551701134089	-36.0198073564953
0.828552368245497	-36.0193285265066
0.829553035356905	-36.0188308058284
0.830553702468312	-36.0183134491895
0.83155436957972	-36.0177756819168
0.832555036691127	-36.0172166987745
0.833555703802535	-36.016635662759
0.834556370913943	-36.0160317038457
0.83555703802535	-36.0154039176855
0.836557705136758	-36.0147513642516
0.837558372248165	-36.0140730664311
0.838559039359573	-36.0133680085626
0.839559706470981	-36.0126351349148
0.840560373582388	-36.011873348106
0.841561040693796	-36.011081507461
0.842561707805203	-36.0102584273028
0.843562374916611	-36.0094028751773
0.844563042028019	-36.0085135700081
0.845563709139426	-36.0075891801779
0.846564376250834	-36.0066283215348
0.847565043362241	-36.0056295553196
0.848565710473649	-36.0045913860117
0.849566377585057	-36.0035122590894
0.850567044696464	-36.0023905587024
0.851567711807872	-36.0012246052522
0.85256837891928	-36.0000126528773
0.853569046030687	-35.9987528868387
0.854569713142095	-35.997443420803
0.855570380253502	-35.9960822940174
0.85657104736491	-35.9946674683739
0.857571714476318	-35.9931968253578
0.858572381587725	-35.9916681628749
0.859573048699133	-35.9900791919548
0.86057371581054	-35.988427533323
0.861574382921948	-35.9867107138385
0.862575050033356	-35.9849261627903
0.863575717144763	-35.9830712080487
0.864576384256171	-35.9811430720635
0.865577051367578	-35.9791388677051
0.866577718478986	-35.9770555939419
0.867578385590394	-35.974890131346
0.868579052701801	-35.9726392374227
0.869579719813209	-35.9702995417551
0.870580386924616	-35.9678675409574
0.871581054036024	-35.9653395934291
0.872581721147432	-35.962711913902
0.873582388258839	-35.9599805677725
0.874583055370247	-35.9571414652099
0.875583722481654	-35.9541903550323
0.876584389593062	-35.9511228183414
0.87758505670447	-35.9479342619054
0.878585723815877	-35.9446199112814
0.879586390927285	-35.9411748036663
0.880587058038692	-35.9375937804658
0.8815877251501	-35.9338714795696
0.882588392261508	-35.930002327323
0.883589059372915	-35.9259805301805
0.884589726484323	-35.9218000660313
0.88559039359573	-35.9174546751813
0.886591060707138	-35.9129378509808
0.887591727818546	-35.9082428300809
0.888592394929953	-35.9033625823069
0.889593062041361	-35.8982898001311
0.890593729152768	-35.8930168877311
0.891594396264176	-35.8875359496157
0.892595063375584	-35.8818387788028
0.893595730486991	-35.8759168445301
0.894596397598399	-35.8697612794818
0.895597064709806	-35.8633628665109
0.896597731821214	-35.8567120248374
0.897598398932622	-35.849798795703
0.898599066044029	-35.8426128274583
0.899599733155437	-35.8351433600633
0.900600400266845	-35.8273792089755
0.901601067378252	-35.8193087484021
0.90260173448966	-35.8109198938926
0.903602401601067	-35.8022000842433
0.904603068712475	-35.7931362626889
0.905603735823883	-35.7837148573515
0.90660440293529	-35.7739217609189
0.907605070046698	-35.7637423095203
0.908605737158105	-35.7531612607693
0.909606404269513	-35.7421627709404
0.910607071380921	-35.7307303712452
0.911607738492328	-35.7188469431724
0.912608405603736	-35.7064946928551
0.913609072715143	-35.6936551244272
0.914609739826551	-35.6803090123276
0.915610406937959	-35.6664363725131
0.916611074049366	-35.6520164325345
0.917611741160774	-35.6370276004329
0.918612408272181	-35.6214474324084
0.919613075383589	-35.6052525992134
0.920613742494997	-35.5884188512205
0.921614409606404	-35.5709209821115
0.922615076717812	-35.5527327911341
0.92361574382922	-35.5338270438706
0.924616410940627	-35.5141754314569
0.925617078052035	-35.4937485281942
0.926617745163442	-35.4725157474883
0.92761841227485	-35.4504452960491
0.928619079386258	-35.4275041262857
0.929619746497665	-35.4036578868208
0.930620413609073	-35.3788708710549
0.93162108072048	-35.3531059636997
0.932621747831888	-35.3263245852034
0.933622414943296	-35.2984866339826
0.934623082054703	-35.2695504263757
0.935623749166111	-35.2394726342266
0.936624416277518	-35.2082082200072
0.937625083388926	-35.1757103693792
0.938625750500334	-35.1419304210958
0.939626417611741	-35.1068177941381
0.940627084723149	-35.0703199119765
0.941627751834556	-35.0323821238446
0.942628418945964	-34.9929476229062
0.943629086057372	-34.9519573611955
0.944629753168779	-34.9093499611998
0.945630420280187	-34.8650616239549
0.946631087391594	-34.819026033515
0.947631754503002	-34.7711742576528
0.94863242161441	-34.7214346446429
0.949633088725817	-34.6697327159724
0.950633755837225	-34.6159910548198
0.951634422948632	-34.5601291901329
0.95263509006004	-34.5020634761342
0.953635757171448	-34.4417069670726
0.954636424282855	-34.3789692870333
0.955637091394263	-34.3137564946118
0.95663775850567	-34.2459709422493
0.957638425617078	-34.1755111300182
0.958639092728486	-34.1022715536392
0.959639759839893	-34.0261425465028
0.960640426951301	-33.9470101154577
0.961641094062708	-33.8647557701214
0.962641761174116	-33.7792563454565
0.963642428285524	-33.6903838173469
0.964643095396931	-33.5980051108989
0.965643762508339	-33.5019819011791
0.966644429619747	-33.4021704060906
0.967645096731154	-33.2984211710792
0.968645763842562	-33.1905788453437
0.969646430953969	-33.0784819492197
0.970647098065377	-32.9619626323842
0.971647765176785	-32.8408464225224
0.972648432288192	-32.7149519640784
0.9736490993996	-32.5840907466987
0.974649766511007	-32.4480668229634
0.975650433622415	-32.3066765149803
0.976651100733823	-32.1597081094045
0.97765176784523	-32.0069415404253
0.978652434956638	-31.8481480602466
0.979653102068045	-31.6830898965677
0.980653769179453	-31.5115198965499
0.981654436290861	-31.3331811567384
0.982655103402268	-31.147806638383
0.983655770513676	-30.9551187675825
0.984656437625083	-30.7548290196549
0.985657104736491	-30.5466374871091
0.986657771847899	-30.3302324305738
0.987658438959306	-30.1052898120079
0.988659106070714	-29.8714728094972
0.989659773182121	-29.6284313129073
0.990660440293529	-29.3758013996402
0.991661107404937	-29.113204789708
0.992661774516344	-28.8402482793086
0.993662441627752	-28.556523152055
0.994663108739159	-28.2616045669759
0.995663775850567	-27.9550509223729
0.996664442961975	-27.63640319458
0.997665110073382	-27.3051842506359
0.99866577718479	-26.9608981338407
0.999666444296197	-26.603029321126
1.00066711140761	-26.2310419511268
1.00166777851901	-25.8443790218004
1.00266844563042	-25.4424615563884
1.00366911274183	-25.024687736476
1.00466977985324	-24.590432000848
1.00567044696464	-24.1390441087938
1.00667111407605	-23.6698481664568
1.00767178118746	-23.1821416147733
1.00867244829887	-22.6751941774822
1.00967311541027	-22.1482467676333
1.01067378252168	-21.6005103509544
1.01167444963309	-21.031164764376
1.0126751167445	-20.4393574879461
1.0136757838559	-19.8242023682935
1.01467645096731	-19.1847782917295
1.01567711807872	-18.5201278050029
1.01667778519013	-17.8292556816387
1.01767845230153	-17.1111274317181
1.01867911941294	-16.3646677528666
1.01967978652435	-15.5887589201295
1.02068045363576	-14.7822391123279
1.02168112074716	-13.9439006723826
1.02268178785857	-13.0724882990083
1.02368245496998	-12.1666971670645
1.02468312208139	-11.2251709737524
1.0256837891928	-10.246499907731
1.0266844563042	-9.22921853810871
1.02768512341561	-8.17180362015504
1.02868579052702	-7.07267181444203
1.02968645763843	-5.93017731600293
1.03068712474983	-4.74260938995484
1.03168779186124	-3.50818980990046
1.03268845897265	-2.22507019526697
1.03368912608406	-0.891329243600708
1.03468979319546	0.495030146330677
1.03569046030687	1.93608386493199
1.03669112741828	3.43398970015571
1.03769179452969	4.99099056850294
1.03869246164109	6.60941787349572
1.0396931287525	8.29169499664692
1.04069379586391	10.0403409261522
1.04169446297532	11.8579740287464
1.04269513008672	13.74731597036
1.04369579719813	15.7111957914559
1.04469646430954	17.7525541431438
1.04569713142095	19.8744476904179
1.04669779853235	22.0800536891106
1.04769846564376	24.3726747434134
1.04869913275517	26.7557437510904
1.04969979986658	29.2328290437923
1.05070046697799	31.8076397301599
1.05170113408939	34.4840312497278
1.0527018012008	37.2660111459354
1.05370246831221	40.1577450668956
1.05470313542362	43.1635630029022
1.05570380253502	46.28796577002
1.05670446964643	49.5356317494656
1.05770513675784	52.9114238928638
1.05870580386925	56.4203970038776
1.05970647098065	60.0678053071117
1.06070713809206	63.8591103156152
1.06170780520347	67.7999890087859
1.06270847231488	71.8963423328936
1.06370913942628	76.1543040369677
1.06470980653769	80.5802498572828
1.0657104736491	85.1808070641777
1.06671114076051	89.9628643855215
1.06771180787191	94.9335823216771
1.06871247498332	100.100403867404
1.06971314209473	105.471065656762
1.07071380920614	111.0536095477
1.07171447631755	116.856394663682
1.07271514342895	122.888109910366
1.07371581054036	129.157786986099
1.07471647765177	135.674813905697
1.07571714476318	142.44894905775
1.07671781187458	149.490335816533
1.07771847898599	156.809517730366
1.0787191460974	164.417454309189
1.07971981320881	172.325537434981
1.08072048032021	180.545608419603
1.08172114743162	189.089975735605
1.08272181454303	197.971433446533
1.08372248165444	207.203280364359
1.08472314876584	216.799339962699
1.08572381587725	226.773981075631
1.08672448298866	237.142139413146
1.08772515010007	247.919339925394
1.08872581721147	259.121720049253
1.08972648432288	270.766053872015
1.09072715143429	282.869777248362
1.0917278185457	295.451013908269
1.0927284856571	308.528602594898
1.09372915276851	322.12212527313
1.09472981987992	336.251936450978
1.09573048699133	350.939193657772
1.09673115410274	366.205889124782
1.09773182121414	382.074882715679
1.09873248832555	398.569936156157
1.09973315543696	415.715748614005
1.10073382254837	433.537993682836
1.10173448965977	452.063357824914
1.10273515677118	471.319580330621
1.10373582388259	491.335494854376
1.104736490994	512.141072589246
1.1057371581054	533.767467144822
1.10673782521681	556.247061195688
1.10773849232822	579.613514970176
1.10873915943963	603.90181665213
1.10973982655103	629.148334771107
1.11074049366244	655.390872659416
1.11174116077385	682.668725057681
1.11274182788526	711.022736953498
1.11374249499666	740.495364741432
1.11474316210807	771.13073979585
1.11574382921948	802.974734551873
1.11674449633089	836.075031193257
1.11774516344229	870.481193050213
1.1187458305537	906.244738813939
1.11974649766511	943.419219679088
1.12074716477652	982.060299529564
1.12174783188793	1022.22583828793
1.12274849899933	1063.97597855298
1.12374916611074	1107.37323565531
1.12474983322215	1152.48259126588
1.12575050033356	1199.37159069735
1.12675116744496	1248.11044404446
1.12775183455637	1298.77213131425
1.12875250166778	1351.43251170407
1.12975316877919	1406.17043719068
1.13075383589059	1463.06787060073
1.131754503002	1522.2100083393
1.13275517011341	1583.68540796018
1.13375583722482	1647.58612076929
1.13475650433622	1714.00782965925
1.13575717144763	1783.04999238193
1.13675783855904	1854.81599047334
1.13775850567045	1929.41328405384
1.13875917278185	2006.95357273554
1.13975983989326	2087.55296287759
1.14076050700467	2171.33214144036
1.14176117411608	2258.41655669813
1.14276184122748	2348.93660608135
1.14376250833889	2443.02783142964
1.1447631754503	2540.83112194771
1.14576384256171	2642.49292516854
1.14676450967312	2748.16546623915
1.14776517678452	2858.00697585771
1.14876584389593	2972.18192720312
1.14976651100734	3090.86128221192
1.15076717811875	3214.22274757135
1.15176784523015	3342.45104081149
1.15276851234156	3475.73816689559
1.15376917945297	3614.28370572214
1.15476984656438	3758.29511096933
1.15577051367578	3907.98802072977
1.15677118078719	4063.58658039999
1.1577718478986	4225.32377830865
1.15877251501001	4393.44179458589
1.15977318212141	4568.19236379594
1.16077384923282	4749.83715187675
1.16177451634423	4938.64814795003
1.16277518345564	5134.90807158919
1.16377585056704	5338.91079615451
1.16477651767845	5550.96178882984
1.16577718478986	5771.37856801953
1.16677785190127	6000.4911787901
1.16777851901268	6238.64268706952
1.16877918612408	6486.18969334309
1.16977985323549	6743.50286661552
1.1707805203469	7010.96749943902
1.17178118745831	7288.98408483818
1.17278185456971	7577.96891599532
1.17378252168112	7878.35470959477
1.17478318879253	8190.59125375883
1.17578385590394	8515.14608154651
1.17678452301534	8852.5051710224
1.17778519012675	9203.17367294486
1.17878585723816	9567.67666716274
1.17978652434957	9946.55994885278
1.18078719146097	10340.3908457766
1.18178785857238	10749.759067779
1.18278852568379	11175.2775898003
1.1837891927952	11617.5835697259
1.1847898599066	12077.3393024463
1.18579052701801	12555.2332115559
1.18679119412942	13051.9808801772
1.18779186124083	13568.3261224515
1.18879252835223	14105.0420973034
1.18979319546364	14662.932466143
1.19079386257505	15242.8325962443
1.19179452968646	15845.6108115969
1.19279519679787	16472.1696931068
1.19379586390927	17123.4474300922
1.19479653102068	17800.4192250981
1.19579719813209	18504.0987541344
1.1967978652435	19235.5396845211
1.1977985323549	19995.8372526166
1.19879919946631	20786.1299037902
1.19979986657772	21607.6009970927
1.20080053368913	22461.4805771821
1.20180120080053	23349.0472161521
1.20280186791194	24271.6299280259
1.20380253502335	25230.6101587797
1.20480320213476	26227.4238548741
1.20580386924616	27263.5636133976
1.20680453635757	28340.5809170315
1.20780520346898	29460.0884571917
1.20880587058039	30623.7625488218
1.20980653769179	31833.3456404518
1.2108072048032	33090.648923288
1.21180787191461	34397.5550432306
1.21280853902602	35756.0209198893
1.21380920613743	37168.0806768108
1.21480987324883	38635.8486873124
1.21581054036024	40161.5227404763
1.21681120747165	41747.3873320485
1.21781187458306	43395.8170851713
1.21881254169446	45109.2803060681
1.21981320880587	46890.3426800044
1.22081387591728	48741.6711130665
1.22181454302869	50666.0377254998
1.22281521014009	52666.3240025939
1.2238158772515	54745.5251093274
1.22481654436291	56906.7543752298
1.22581721147432	59153.2479561864
1.22681787858572	61488.3696801521
1.22781854569713	63915.6160840411
1.22881921280854	66438.6216493308
1.22981987991995	69061.1642442148
1.23082054703135	71787.1707804683
1.23182121414276	74620.7230934772
1.23282188125417	77566.0640542476
1.23382254836558	80627.6039225492
1.23482321547698	83809.9269506937
1.23582388258839	87117.7982478519
1.2368245496998	90556.1709151746
1.23782521681121	94130.1934624085
1.23882588392262	97845.2175171126
1.23982655103402	101706.80583801
1.24082721814543	105720.740644491
1.24182788525684	109893.032274724
1.24282855236825	114229.92818534
1.24382921947965	118737.922306182
1.24482988659106	123423.7647641
1.24583055370247	128294.471990383
1.24683122081388	133357.337226938
1.24783188792528	138619.94144696
1.24883255503669	144090.164706433
1.2498332221481	149776.197943482
1.25083388925951	155686.555243222
1.25183455637091	161830.086586474
1.25283522348232	168215.991101448
1.25383589059373	174853.830838226
1.25483655770514	181753.545086664
1.25583722481654	188925.465259177
1.25683789192795	196380.330360662
1.25783855903936	204129.303068743
1.25883922615077	212183.98644841
1.25983989326217	220556.441326074
1.26084056037358	229259.204349075
1.26184122748499	238305.306757648
1.2628418945964	247708.293897493
1.26384256170781	257482.245502142
1.26484322881921	267641.796775501
1.26584389593062	278202.160306149
1.26684456304203	289179.148846169
1.26784523015344	300589.19898867
1.26884589726484	312449.39577942
1.26984656437625	324777.498299431
1.27084723148766	337591.966256868
1.27184789859907	350911.987628008
1.27284856571047	364757.507388716
1.27384923282188	379149.257379413
1.27484989993329	394108.787348264
1.2758505670447	409658.497219108
1.2768512341561	425821.670632363
1.27785190126751	442622.50980923
1.27885256837892	460086.171791322
1.27985323549033	478238.806110003
1.28085390260173	497107.593941886
1.28185456971314	516720.788809051
1.28285523682455	537107.75888496
1.28385590393596	558299.030969446
1.28485657104736	580326.33619855
1.28585723815877	603222.657557719
1.28685790527018	627022.279269494
1.28785857238159	651760.838129594
1.288859239493	677475.376868337
1.2898599066044	704204.399617205
1.29086057371581	731987.929563762
1.29186124082722	760867.568881063
1.29286190793863	790886.561021431
1.29386257505003	822089.85546784
1.29486324216144	854524.17503979
1.29586390927285	888238.085854643
1.29686457638426	923282.070048927
1.29786524349566	959708.6013687
1.29886591060707	997572.223742068
1.29986657771848	1036929.6329515
1.30086724482989	1077839.76152834
1.30186791194129	1120363.86699642
1.3028685790527	1164565.62359724
1.30386924616411	1210511.21763366
1.30486991327552	1258269.44657515
1.30587058038692	1307911.82207302
1.30687124749833	1359512.67703962
1.30787191460974	1413149.2769521
1.30887258172115	1468901.93554728
1.30987324883256	1526854.13508081
1.31087391594396	1587092.65133097
1.31187458305537	1649707.68353388
1.31287525016678	1714792.98944497
1.31387591727819	1782446.02572883
1.31487658438959	1852768.09388778
1.315877251501	1925864.49194748
1.31687791861241	2001844.67212685
1.31787858572382	2080822.40472829
1.31887925283522	2162915.94849381
1.31987991994663	2248248.22768177
1.32088058705804	2336947.01612989
1.32188125416945	2429145.12857962
1.32288192128085	2524980.61954876
1.32388258839226	2624596.99004992
1.32488325550367	2728143.40246422
1.32588392261508	2835774.90389249
1.32688458972648	2947652.65831775
1.32788525683789	3063944.18792707
1.3288859239493	3184823.62395393
1.32988659106071	3310471.96741671
1.33088725817211	3441077.36014403
1.33188792528352	3576835.36649223
1.33288859239493	3717949.26617714
1.33388925950634	3864630.35865883
1.33488992661775	4017098.27953448
1.33589059372915	4175581.32941397
1.33689126084056	4340316.81576968
1.33789192795197	4511551.40827338
1.33889259506338	4689541.50815144
1.33989326217478	4874553.63211176
1.34089392928619	5066864.81141761
1.3418945963976	5266763.00670528
1.34289526350901	5474547.5391672
1.34389593062041	5690529.53874606
1.34489659773182	5915032.41001054
1.34589726484323	6148392.31641149
1.34689793195464	6390958.68364211
1.34789859906604	6643094.72285679
1.34889926617745	6905177.97453216
1.34989993328886	7177600.87378391
1.35090060040027	7460771.33798693
1.35190126751167	7755113.37757748
1.35290193462308	8061067.73095319
1.35390260173449	8379092.52442068
1.3549032688459	8709663.9581788
1.3559039359573	9053277.01936667
1.35690460306871	9410446.22324052
1.35790527018012	9781706.38359328
1.35890593729153	10167613.4135674
1.35990660440294	10568745.1580613
1.36090727151434	10985702.2589765
1.36190793862575	11419109.0545987
1.36290860573716	11869614.5144636
1.36390927284857	12337893.2111014
1.36490993995997	12824646.3301216
1.36591060707138	13330602.720145
1.36691127418279	13856519.9841598
1.3679119412942	14403185.6139303
1.3689126084056	14971418.1691641
1.36991327551701	15562068.503195
1.37091394262842	16176021.0370261
1.37191460973983	16814195.0836318
1.37291527685123	17477546.2245084
1.37391594396264	18167067.7405322
1.37491661107405	18883792.0992652
1.37591727818546	19628792.5009401
1.37691794529686	20403184.4854359
1.37791861240827	21208127.6026522
1.37891927951968	22044827.1487811
1.37991994663109	22914535.9710811
1.38092061374249	23818556.3438489
1.3819212808539	24758241.9184052
1.38292194796531	25734999.7500075
1.38392261507672	26750292.4047308
1.38492328218813	27805640.1494668
1.38592394929953	28902623.2283246
1.38692461641094	30042884.2288354
1.38792528352235	31228130.5415143
1.38892595063376	32460136.9164474
1.38992661774516	33740748.1207521
1.39092728485657	35071881.7008679
1.39192795196798	36455530.8538309
1.39292861907939	37893767.4118254
1.39392928619079	39388744.9444764
1.3949299533022	40942701.9835377
1.39593062041361	42557965.3747984
1.39693128752502	44236953.7622275
1.39793195463642	45982181.2095731
1.39893262174783	47796260.9648437
1.39993328885924	49681909.3732996
1.40093395597065	51641949.944826
1.40193462308205	53679317.5817616
1.40293529019346	55797062.9735329
1.40393595730487	57998357.1646542
1.40493662441628	60286496.3029551
1.40593729152769	62664906.5751205
1.40693795863909	65137149.33696
1.4079386257505	67706926.4460627
1.40893929286191	70378085.8048445
1.40993995997332	73154627.1222739
1.41094062708472	76040707.9029074
1.41194129419613	79040649.672209
1.41294196130754	82158944.4474585
1.41394262841895	85400261.4639591
1.41494329553035	88769454.1665995
1.41594396264176	92271567.4772528
1.41694462975317	95911845.3488729
1.41794529686458	99695738.617634
1.41894596397598	103628913.164826
1.41994663108739	107717258.400776
1.4209472981988	111966896.08346
1.42194796531021	116384189.485024
1.42294863242161	120975752.919955
1.42394929953302	125748461.649132
1.42494996664443	130709462.174633
1.42595063375584	135866182.940678
1.42695130086724	141226345.45674
1.42795196797865	146797975.859491
1.42895263509006	152589416.930884
1.42995330220147	158609340.590364
1.43095396931288	164866760.879937
1.43195463642428	171371047.46149
1.43295530353569	178131939.646646
1.4339559706471	185159560.980073
1.43495663775851	192464434.398188
1.43595730486991	200057497.98584
1.43695797198132	207950121.35467
1.43795863909273	216154122.66759
1.43895930620414	224681786.334932
1.43995997331554	233545881.408733
1.44096064042695	242759680.702705
1.44196130753836	252336980.666525
1.44296197464977	262292122.044195
1.44396264176117	272640011.347422
1.44496330887258	283396143.176145
1.44596397598399	294576623.419674
1.4469646430954	306198193.373107
1.4479653102068	318278254.805248
1.44896597731821	330834896.015415
1.44996664442962	343886918.918337
1.45096731154103	357453867.197496
1.45196797865243	371556055.569254
1.45296864576384	386214600.20143
1.45396931287525	401451450.331997
1.45496997998666	417289421.13516
1.45597064709807	433752227.884096
1.45697131420947	450864521.461414
1.45797198132088	468651925.270622
1.45897264843229	487141073.603797
1.4599733155437	506359651.522919
1.4609739826551	526336436.314606
1.46197464976651	547101340.580296
1.46297531687792	568685457.026447
1.46397598398933	591121105.021721
1.46497665110073	614441878.991048
1.46597731821214	638682698.718768
1.46697798532355	663879861.636479
1.46797865243496	690071097.173595
1.46897931954636	717295623.252223
1.46997998665777	745594205.010814
1.47098065376918	775009215.844628
1.47198132088059	805584700.854239
1.47298198799199	837366442.797312
1.4739826551034	870402030.64222
1.47498332221481	904740930.826303
1.47598398932622	940434561.32526
1.47698465643762	977536368.644824
1.47798532354903	1016101907.8499
1.47898599066044	1056188925.75087
1.47998665777185	1097857447.37188
1.48098732488326	1141169865.8304
1.48198799199466	1186191035.76265
1.48298865910607	1232988370.43494
1.48398932621748	1281631942.68607
1.48498999332889	1332194589.8522
1.48599066044029	1384752022.83119
1.4869913275517	1439382939.44963
1.48799199466311	1496169142.30253
1.48899266177452	1555195661.24179
1.48999332888592	1616550880.69738
1.49099399599733	1680326672.02123
1.49199466310874	1746618531.05247
1.49299533022015	1815525721.11
1.49399599733155	1887151421.62602
1.49499666444296	1961602882.64377
1.49599733155437	2038991585.41026
1.49699799866578	2119433409.30485
1.49799866577718	2203048805.35316
1.49899933288859	2289962976.58672
1.5	2380306065.51803
