0	-34.3459809413306
0.00100066711140761	-34.3459809413306
0.00200133422281521	-34.3459809413306
0.00300200133422282	-34.3459809413306
0.00400266844563042	-34.3459809413306
0.00500333555703803	-34.3459809413306
0.00600400266844563	-34.3459809413306
0.00700466977985324	-34.3459809413306
0.00800533689126084	-34.3459809413306
0.00900600400266845	-34.3459809413306
0.0100066711140761	-34.3459809413306
0.0110073382254837	-34.3459809413306
0.0120080053368913	-34.3459809413306
0.0130086724482989	-34.3459809413306
0.0140093395597065	-34.3459809413306
0.0150100066711141	-34.3459809413306
0.0160106737825217	-34.3459809413306
0.0170113408939293	-34.3459809413306
0.0180120080053369	-34.3459809413306
0.0190126751167445	-34.3459809413306
0.0200133422281521	-34.3459809413306
0.0210140093395597	-34.3459809413306
0.0220146764509673	-34.3459809413306
0.0230153435623749	-34.3459809413306
0.0240160106737825	-34.3459809413306
0.0250166777851901	-34.3459809413306
0.0260173448965977	-34.3459809413306
0.0270180120080053	-34.3459809413306
0.0280186791194129	-34.3459809413306
0.0290193462308205	-34.3459809413306
0.0300200133422282	-34.3459809413306
0.0310206804536358	-34.3459809413306
0.0320213475650434	-34.3459809413306
0.033022014676451	-34.3459809413306
0.0340226817878586	-34.3459809413306
0.0350233488992662	-34.3459809413306
0.0360240160106738	-34.3459809413306
0.0370246831220814	-34.3459809413306
0.038025350233489	-34.3459809413306
0.0390260173448966	-34.3459809413306
0.0400266844563042	-34.3459809413306
0.0410273515677118	-34.3459809413306
0.0420280186791194	-34.3459809413306
0.043028685790527	-34.3459809413306
0.0440293529019346	-34.3459809413306
0.0450300200133422	-34.3459809413306
0.0460306871247498	-34.3459809413306
0.0470313542361574	-34.3459809413306
0.048032021347565	-34.3459809413306
0.0490326884589726	-34.3459809413306
0.0500333555703803	-34.3459809413306
0.0510340226817879	-34.3459809413306
0.0520346897931955	-34.3459809413306
0.0530353569046031	-34.3459809413306
0.0540360240160107	-34.3459809413306
0.0550366911274183	-34.3459809413306
0.0560373582388259	-34.3459809413306
0.0570380253502335	-34.3459809413306
0.0580386924616411	-34.3459809413306
0.0590393595730487	-34.3459809413306
0.0600400266844563	-34.3459809413306
0.0610406937958639	-34.3459809413306
0.0620413609072715	-34.3459809413306
0.0630420280186791	-34.3459809413306
0.0640426951300867	-34.3459809413306
0.0650433622414943	-34.3459809413306
0.0660440293529019	-34.3459809413306
0.0670446964643095	-34.3459809413306
0.0680453635757171	-34.3459809413306
0.0690460306871248	-34.3459809413306
0.0700466977985324	-34.3459809413306
0.07104736490994	-34.3459809413306
0.0720480320213476	-34.3459809413306
0.0730486991327552	-34.3459809413306
0.0740493662441628	-34.3459809413306
0.0750500333555704	-34.3459809413306
0.076050700466978	-34.3459809413306
0.0770513675783856	-34.3459809413306
0.0780520346897932	-34.3459809413306
0.0790527018012008	-34.3459809413306
0.0800533689126084	-34.3459809413306
0.081054036024016	-34.3459809413306
0.0820547031354236	-34.3459809413306
0.0830553702468312	-34.3459809413306
0.0840560373582388	-34.3459809413306
0.0850567044696464	-34.3459809413306
0.086057371581054	-34.3459809413306
0.0870580386924616	-34.3459809413306
0.0880587058038692	-34.3459809413306
0.0890593729152769	-34.3459809413306
0.0900600400266845	-34.3459809413306
0.0910607071380921	-34.3459809413306
0.0920613742494997	-34.3459809413306
0.0930620413609073	-34.3459809413306
0.0940627084723149	-34.3459809413306
0.0950633755837225	-34.3459809413306
0.0960640426951301	-34.3459809413306
0.0970647098065377	-34.3459809413306
0.0980653769179453	-34.3459809413306
0.0990660440293529	-34.3459809413306
0.100066711140761	-34.3459809413306
0.101067378252168	-34.3459809413306
0.102068045363576	-34.3459809413306
0.103068712474983	-34.3459809413306
0.104069379586391	-34.3459809413306
0.105070046697799	-34.3459809413306
0.106070713809206	-34.3459809413306
0.107071380920614	-34.3459809413306
0.108072048032021	-34.3459809413306
0.109072715143429	-34.3459809413306
0.110073382254837	-34.3459809413306
0.111074049366244	-34.3459809413306
0.112074716477652	-34.3459809413306
0.113075383589059	-34.3459809413306
0.114076050700467	-34.3459809413306
0.115076717811875	-34.3459809413306
0.116077384923282	-34.3459809413306
0.11707805203469	-34.3459809413306
0.118078719146097	-34.3459809413306
0.119079386257505	-34.3459809413306
0.120080053368913	-34.3459809413306
0.12108072048032	-34.3459809413306
0.122081387591728	-34.3459809413306
0.123082054703135	-34.3459809413306
0.124082721814543	-34.3459809413306
0.125083388925951	-34.3459809413306
0.126084056037358	-34.3459809413306
0.127084723148766	-34.3459809413306
0.128085390260173	-34.3459809413306
0.129086057371581	-34.3459809413306
0.130086724482989	-34.3459809413306
0.131087391594396	-34.3459809413306
0.132088058705804	-34.3459809413306
0.133088725817211	-34.3459809413306
0.134089392928619	-34.3459809413306
0.135090060040027	-34.3459809413306
0.136090727151434	-34.3459809413306
0.137091394262842	-34.3459809413306
0.13809206137425	-34.3459809413306
0.139092728485657	-34.3459809413306
0.140093395597065	-34.3459809413306
0.141094062708472	-34.3459809413306
0.14209472981988	-34.3459809413306
0.143095396931288	-34.3459809413306
0.144096064042695	-34.3459809413306
0.145096731154103	-34.3459809413306
0.14609739826551	-34.3459809413306
0.147098065376918	-34.3459809413306
0.148098732488326	-34.3459809413306
0.149099399599733	-34.3459809413306
0.150100066711141	-34.3459809413306
0.151100733822548	-34.3459809413306
0.152101400933956	-34.3459809413306
0.153102068045364	-34.3459809413306
0.154102735156771	-34.3459809413306
0.155103402268179	-34.3459809413306
0.156104069379586	-34.3459809413306
0.157104736490994	-34.3459809413306
0.158105403602402	-34.3459809413306
0.159106070713809	-34.3459809413306
0.160106737825217	-34.3459809413306
0.161107404936624	-34.3459809413306
0.162108072048032	-34.3459809413306
0.16310873915944	-34.3459809413306
0.164109406270847	-34.3459809413306
0.165110073382255	-34.3459809413306
0.166110740493662	-34.3459809413306
0.16711140760507	-34.3459809413306
0.168112074716478	-34.3459809413306
0.169112741827885	-34.3459809413306
0.170113408939293	-34.3459809413306
0.1711140760507	-34.3459809413306
0.172114743162108	-34.3459809413306
0.173115410273516	-34.3459809413306
0.174116077384923	-34.3459809413306
0.175116744496331	-34.3459809413306
0.176117411607738	-34.3459809413306
0.177118078719146	-34.3459809413306
0.178118745830554	-34.3459809413306
0.179119412941961	-34.3459809413306
0.180120080053369	-34.3459809413306
0.181120747164777	-34.3459809413306
0.182121414276184	-34.3459809413306
0.183122081387592	-34.3459809413306
0.184122748498999	-34.3459809413306
0.185123415610407	-34.3459809413306
0.186124082721815	-34.3459809413306
0.187124749833222	-34.3459809413306
0.18812541694463	-34.3459809413306
0.189126084056037	-34.3459809413306
0.190126751167445	-34.3459809413306
0.191127418278853	-34.3459809413306
0.19212808539026	-34.3459809413306
0.193128752501668	-34.3459809413306
0.194129419613075	-34.3459809413306
0.195130086724483	-34.3459809413306
0.196130753835891	-34.3459809413306
0.197131420947298	-34.3459809413306
0.198132088058706	-34.3459809413306
0.199132755170113	-34.3459809413305
0.200133422281521	-34.3459809413305
0.201134089392929	-34.3459809413305
0.202134756504336	-34.3459809413305
0.203135423615744	-34.3459809413305
0.204136090727151	-34.3459809413305
0.205136757838559	-34.3459809413305
0.206137424949967	-34.3459809413305
0.207138092061374	-34.3459809413305
0.208138759172782	-34.3459809413305
0.209139426284189	-34.3459809413305
0.210140093395597	-34.3459809413305
0.211140760507005	-34.3459809413305
0.212141427618412	-34.3459809413305
0.21314209472982	-34.3459809413305
0.214142761841227	-34.3459809413305
0.215143428952635	-34.3459809413305
0.216144096064043	-34.3459809413305
0.21714476317545	-34.3459809413305
0.218145430286858	-34.3459809413305
0.219146097398266	-34.3459809413305
0.220146764509673	-34.3459809413305
0.221147431621081	-34.3459809413305
0.222148098732488	-34.3459809413305
0.223148765843896	-34.3459809413305
0.224149432955304	-34.3459809413305
0.225150100066711	-34.3459809413305
0.226150767178119	-34.3459809413305
0.227151434289526	-34.3459809413305
0.228152101400934	-34.3459809413305
0.229152768512342	-34.3459809413305
0.230153435623749	-34.3459809413305
0.231154102735157	-34.3459809413305
0.232154769846564	-34.3459809413305
0.233155436957972	-34.3459809413305
0.23415610406938	-34.3459809413305
0.235156771180787	-34.3459809413305
0.236157438292195	-34.3459809413305
0.237158105403602	-34.3459809413305
0.23815877251501	-34.3459809413305
0.239159439626418	-34.3459809413305
0.240160106737825	-34.3459809413305
0.241160773849233	-34.3459809413304
0.24216144096064	-34.3459809413304
0.243162108072048	-34.3459809413304
0.244162775183456	-34.3459809413304
0.245163442294863	-34.3459809413304
0.246164109406271	-34.3459809413304
0.247164776517678	-34.3459809413304
0.248165443629086	-34.3459809413304
0.249166110740494	-34.3459809413304
0.250166777851901	-34.3459809413304
0.251167444963309	-34.3459809413304
0.252168112074716	-34.3459809413304
0.253168779186124	-34.3459809413304
0.254169446297532	-34.3459809413304
0.255170113408939	-34.3459809413304
0.256170780520347	-34.3459809413303
0.257171447631754	-34.3459809413303
0.258172114743162	-34.3459809413303
0.25917278185457	-34.3459809413303
0.260173448965977	-34.3459809413303
0.261174116077385	-34.3459809413303
0.262174783188793	-34.3459809413303
0.2631754503002	-34.3459809413303
0.264176117411608	-34.3459809413303
0.265176784523015	-34.3459809413303
0.266177451634423	-34.3459809413302
0.267178118745831	-34.3459809413302
0.268178785857238	-34.3459809413302
0.269179452968646	-34.3459809413302
0.270180120080053	-34.3459809413302
0.271180787191461	-34.3459809413302
0.272181454302869	-34.3459809413301
0.273182121414276	-34.3459809413301
0.274182788525684	-34.3459809413301
0.275183455637091	-34.3459809413301
0.276184122748499	-34.3459809413301
0.277184789859907	-34.3459809413301
0.278185456971314	-34.34598094133
0.279186124082722	-34.34598094133
0.280186791194129	-34.34598094133
0.281187458305537	-34.34598094133
0.282188125416945	-34.3459809413299
0.283188792528352	-34.3459809413299
0.28418945963976	-34.3459809413299
0.285190126751167	-34.3459809413299
0.286190793862575	-34.3459809413298
0.287191460973983	-34.3459809413298
0.28819212808539	-34.3459809413298
0.289192795196798	-34.3459809413298
0.290193462308205	-34.3459809413297
0.291194129419613	-34.3459809413297
0.292194796531021	-34.3459809413297
0.293195463642428	-34.3459809413296
0.294196130753836	-34.3459809413296
0.295196797865243	-34.3459809413295
0.296197464976651	-34.3459809413295
0.297198132088059	-34.3459809413295
0.298198799199466	-34.3459809413294
0.299199466310874	-34.3459809413294
0.300200133422282	-34.3459809413293
0.301200800533689	-34.3459809413293
0.302201467645097	-34.3459809413292
0.303202134756504	-34.3459809413292
0.304202801867912	-34.3459809413291
0.30520346897932	-34.3459809413291
0.306204136090727	-34.345980941329
0.307204803202135	-34.3459809413289
0.308205470313542	-34.3459809413289
0.30920613742495	-34.3459809413288
0.310206804536358	-34.3459809413287
0.311207471647765	-34.3459809413287
0.312208138759173	-34.3459809413286
0.31320880587058	-34.3459809413285
0.314209472981988	-34.3459809413284
0.315210140093396	-34.3459809413283
0.316210807204803	-34.3459809413282
0.317211474316211	-34.3459809413282
0.318212141427618	-34.3459809413281
0.319212808539026	-34.345980941328
0.320213475650434	-34.3459809413279
0.321214142761841	-34.3459809413278
0.322214809873249	-34.3459809413276
0.323215476984656	-34.3459809413275
0.324216144096064	-34.3459809413274
0.325216811207472	-34.3459809413273
0.326217478318879	-34.3459809413271
0.327218145430287	-34.345980941327
0.328218812541694	-34.3459809413269
0.329219479653102	-34.3459809413267
0.33022014676451	-34.3459809413266
0.331220813875917	-34.3459809413264
0.332221480987325	-34.3459809413263
0.333222148098732	-34.3459809413261
0.33422281521014	-34.3459809413259
0.335223482321548	-34.3459809413257
0.336224149432955	-34.3459809413255
0.337224816544363	-34.3459809413253
0.33822548365577	-34.3459809413251
0.339226150767178	-34.3459809413249
0.340226817878586	-34.3459809413247
0.341227484989993	-34.3459809413245
0.342228152101401	-34.3459809413242
0.343228819212809	-34.345980941324
0.344229486324216	-34.3459809413237
0.345230153435624	-34.3459809413234
0.346230820547031	-34.3459809413231
0.347231487658439	-34.3459809413229
0.348232154769847	-34.3459809413226
0.349232821881254	-34.3459809413222
0.350233488992662	-34.3459809413219
0.351234156104069	-34.3459809413216
0.352234823215477	-34.3459809413212
0.353235490326885	-34.3459809413208
0.354236157438292	-34.3459809413205
0.3552368245497	-34.3459809413201
0.356237491661107	-34.3459809413196
0.357238158772515	-34.3459809413192
0.358238825883923	-34.3459809413188
0.35923949299533	-34.3459809413183
0.360240160106738	-34.3459809413178
0.361240827218145	-34.3459809413173
0.362241494329553	-34.3459809413168
0.363242161440961	-34.3459809413162
0.364242828552368	-34.3459809413157
0.365243495663776	-34.3459809413151
0.366244162775183	-34.3459809413145
0.367244829886591	-34.3459809413138
0.368245496997999	-34.3459809413132
0.369246164109406	-34.3459809413125
0.370246831220814	-34.3459809413118
0.371247498332221	-34.345980941311
0.372248165443629	-34.3459809413103
0.373248832555037	-34.3459809413095
0.374249499666444	-34.3459809413086
0.375250166777852	-34.3459809413078
0.37625083388926	-34.3459809413069
0.377251501000667	-34.3459809413059
0.378252168112075	-34.345980941305
0.379252835223482	-34.3459809413039
0.38025350233489	-34.3459809413029
0.381254169446298	-34.3459809413018
0.382254836557705	-34.3459809413007
0.383255503669113	-34.3459809412995
0.38425617078052	-34.3459809412983
0.385256837891928	-34.345980941297
0.386257505003336	-34.3459809412957
0.387258172114743	-34.3459809412943
0.388258839226151	-34.3459809412929
0.389259506337558	-34.3459809412914
0.390260173448966	-34.3459809412898
0.391260840560374	-34.3459809412882
0.392261507671781	-34.3459809412865
0.393262174783189	-34.3459809412848
0.394262841894596	-34.345980941283
0.395263509006004	-34.3459809412811
0.396264176117412	-34.3459809412792
0.397264843228819	-34.3459809412771
0.398265510340227	-34.345980941275
0.399266177451634	-34.3459809412728
0.400266844563042	-34.3459809412706
0.40126751167445	-34.3459809412682
0.402268178785857	-34.3459809412657
0.403268845897265	-34.3459809412632
0.404269513008672	-34.3459809412605
0.40527018012008	-34.3459809412578
0.406270847231488	-34.3459809412549
0.407271514342895	-34.3459809412519
0.408272181454303	-34.3459809412488
0.409272848565711	-34.3459809412456
0.410273515677118	-34.3459809412422
0.411274182788526	-34.3459809412387
0.412274849899933	-34.3459809412351
0.413275517011341	-34.3459809412314
0.414276184122749	-34.3459809412274
0.415276851234156	-34.3459809412234
0.416277518345564	-34.3459809412191
0.417278185456971	-34.3459809412147
0.418278852568379	-34.3459809412102
0.419279519679787	-34.3459809412054
0.420280186791194	-34.3459809412005
0.421280853902602	-34.3459809411954
0.422281521014009	-34.34598094119
0.423282188125417	-34.3459809411845
0.424282855236825	-34.3459809411787
0.425283522348232	-34.3459809411727
0.42628418945964	-34.3459809411665
0.427284856571047	-34.34598094116
0.428285523682455	-34.3459809411533
0.429286190793863	-34.3459809411463
0.43028685790527	-34.345980941139
0.431287525016678	-34.3459809411315
0.432288192128085	-34.3459809411236
0.433288859239493	-34.3459809411154
0.434289526350901	-34.345980941107
0.435290193462308	-34.3459809410981
0.436290860573716	-34.345980941089
0.437291527685123	-34.3459809410794
0.438292194796531	-34.3459809410695
0.439292861907939	-34.3459809410592
0.440293529019346	-34.3459809410485
0.441294196130754	-34.3459809410374
0.442294863242161	-34.3459809410258
0.443295530353569	-34.3459809410138
0.444296197464977	-34.3459809410013
0.445296864576384	-34.3459809409883
0.446297531687792	-34.3459809409748
0.447298198799199	-34.3459809409608
0.448298865910607	-34.3459809409462
0.449299533022015	-34.345980940931
0.450300200133422	-34.3459809409153
0.45130086724483	-34.3459809408989
0.452301534356237	-34.3459809408819
0.453302201467645	-34.3459809408642
0.454302868579053	-34.3459809408458
0.45530353569046	-34.3459809408266
0.456304202801868	-34.3459809408067
0.457304869913276	-34.3459809407861
0.458305537024683	-34.3459809407646
0.459306204136091	-34.3459809407423
0.460306871247498	-34.3459809407191
0.461307538358906	-34.3459809406949
0.462308205470314	-34.3459809406699
0.463308872581721	-34.3459809406438
0.464309539693129	-34.3459809406167
0.465310206804536	-34.3459809405885
0.466310873915944	-34.3459809405593
0.467311541027352	-34.3459809405288
0.468312208138759	-34.3459809404972
0.469312875250167	-34.3459809404643
0.470313542361574	-34.3459809404301
0.471314209472982	-34.3459809403946
0.47231487658439	-34.3459809403577
0.473315543695797	-34.3459809403193
0.474316210807205	-34.3459809402794
0.475316877918612	-34.345980940238
0.47631754503002	-34.3459809401948
0.477318212141428	-34.34598094015
0.478318879252835	-34.3459809401035
0.479319546364243	-34.3459809400551
0.48032021347565	-34.3459809400047
0.481320880587058	-34.3459809399524
0.482321547698466	-34.3459809398981
0.483322214809873	-34.3459809398415
0.484322881921281	-34.3459809397828
0.485323549032688	-34.3459809397217
0.486324216144096	-34.3459809396583
0.487324883255504	-34.3459809395923
0.488325550366911	-34.3459809395237
0.489326217478319	-34.3459809394524
0.490326884589727	-34.3459809393783
0.491327551701134	-34.3459809393013
0.492328218812542	-34.3459809392212
0.493328885923949	-34.345980939138
0.494329553035357	-34.3459809390515
0.495330220146765	-34.3459809389616
0.496330887258172	-34.3459809388682
0.49733155436958	-34.345980938771
0.498332221480987	-34.34598093867
0.499332888592395	-34.3459809385651
0.500333555703803	-34.345980938456
0.50133422281521	-34.3459809383426
0.502334889926618	-34.3459809382247
0.503335557038025	-34.3459809381021
0.504336224149433	-34.3459809379748
0.505336891260841	-34.3459809378424
0.506337558372248	-34.3459809377048
0.507338225483656	-34.3459809375617
0.508338892595063	-34.345980937413
0.509339559706471	-34.3459809372585
0.510340226817879	-34.3459809370978
0.511340893929286	-34.3459809369308
0.512341561040694	-34.3459809367573
0.513342228152101	-34.3459809365768
0.514342895263509	-34.3459809363893
0.515343562374917	-34.3459809361944
0.516344229486324	-34.3459809359917
0.517344896597732	-34.3459809357811
0.518345563709139	-34.3459809355622
0.519346230820547	-34.3459809353346
0.520346897931955	-34.345980935098
0.521347565043362	-34.3459809348522
0.52234823215477	-34.3459809345966
0.523348899266177	-34.3459809343309
0.524349566377585	-34.3459809340548
0.525350233488993	-34.3459809337677
0.5263509006004	-34.3459809334693
0.527351567711808	-34.3459809331592
0.528352234823215	-34.3459809328368
0.529352901934623	-34.3459809325017
0.530353569046031	-34.3459809321534
0.531354236157438	-34.3459809317914
0.532354903268846	-34.345980931415
0.533355570380253	-34.3459809310238
0.534356237491661	-34.3459809306172
0.535356904603069	-34.3459809301946
0.536357571714476	-34.3459809297552
0.537358238825884	-34.3459809292985
0.538358905937292	-34.3459809288239
0.539359573048699	-34.3459809283305
0.540360240160107	-34.3459809278176
0.541360907271514	-34.3459809272845
0.542361574382922	-34.3459809267303
0.54336224149433	-34.3459809261543
0.544362908605737	-34.3459809255556
0.545363575717145	-34.3459809249332
0.546364242828552	-34.3459809242863
0.54736490993996	-34.3459809236139
0.548365577051368	-34.3459809229149
0.549366244162775	-34.3459809221884
0.550366911274183	-34.3459809214332
0.55136757838559	-34.3459809206482
0.552368245496998	-34.3459809198323
0.553368912608406	-34.3459809189841
0.554369579719813	-34.3459809181025
0.555370246831221	-34.3459809171861
0.556370913942628	-34.3459809162336
0.557371581054036	-34.3459809152435
0.558372248165444	-34.3459809142143
0.559372915276851	-34.3459809131445
0.560373582388259	-34.3459809120325
0.561374249499666	-34.3459809108767
0.562374916611074	-34.3459809096752
0.563375583722482	-34.3459809084264
0.564376250833889	-34.3459809071282
0.565376917945297	-34.3459809057789
0.566377585056704	-34.3459809043763
0.567378252168112	-34.3459809029184
0.56837891927952	-34.345980901403
0.569379586390927	-34.3459808998278
0.570380253502335	-34.3459808981904
0.571380920613742	-34.3459808964884
0.57238158772515	-34.3459808947193
0.573382254836558	-34.3459808928804
0.574382921947965	-34.345980890969
0.575383589059373	-34.3459808889821
0.57638425617078	-34.3459808869169
0.577384923282188	-34.3459808847702
0.578385590393596	-34.3459808825388
0.579386257505003	-34.3459808802193
0.580386924616411	-34.3459808778084
0.581387591727819	-34.3459808753023
0.582388258839226	-34.3459808726974
0.583388925950634	-34.3459808699897
0.584389593062041	-34.3459808671752
0.585390260173449	-34.3459808642496
0.586390927284857	-34.3459808612086
0.587391594396264	-34.3459808580477
0.588392261507672	-34.345980854762
0.589392928619079	-34.3459808513467
0.590393595730487	-34.3459808477967
0.591394262841895	-34.3459808441066
0.592394929953302	-34.345980840271
0.59339559706471	-34.345980836284
0.594396264176117	-34.3459808321397
0.595396931287525	-34.345980827832
0.596397598398933	-34.3459808233542
0.59739826551034	-34.3459808186999
0.598398932621748	-34.3459808138619
0.599399599733155	-34.345980808833
0.600400266844563	-34.3459808036057
0.601400933955971	-34.3459807981723
0.602401601067378	-34.3459807925244
0.603402268178786	-34.3459807866537
0.604402935290194	-34.3459807805515
0.605403602401601	-34.3459807742084
0.606404269513009	-34.3459807676152
0.607404936624416	-34.3459807607618
0.608405603735824	-34.345980753638
0.609406270847232	-34.3459807462332
0.610406937958639	-34.3459807385363
0.611407605070047	-34.3459807305357
0.612408272181454	-34.3459807222195
0.613408939292862	-34.3459807135752
0.61440960640427	-34.3459807045898
0.615410273515677	-34.34598069525
0.616410940627085	-34.3459806855417
0.617411607738492	-34.3459806754503
0.6184122748499	-34.3459806649609
0.619412941961308	-34.3459806540576
0.620413609072715	-34.3459806427242
0.621414276184123	-34.3459806309436
0.62241494329553	-34.3459806186983
0.623415610406938	-34.3459806059699
0.624416277518346	-34.3459805927393
0.625416944629753	-34.3459805789868
0.626417611741161	-34.3459805646917
0.627418278852568	-34.3459805498326
0.628418945963976	-34.3459805343873
0.629419613075384	-34.3459805183327
0.630420280186791	-34.3459805016447
0.631420947298199	-34.3459804842983
0.632421614409606	-34.3459804662676
0.633422281521014	-34.3459804475255
0.634422948632422	-34.345980428044
0.635423615743829	-34.345980407794
0.636424282855237	-34.345980386745
0.637424949966644	-34.3459803648656
0.638425617078052	-34.3459803421231
0.63942628418946	-34.3459803184833
0.640426951300867	-34.3459802939108
0.641427618412275	-34.345980268369
0.642428285523682	-34.3459802418195
0.64342895263509	-34.3459802142225
0.644429619746498	-34.3459801855368
0.645430286857905	-34.3459801557194
0.646430953969313	-34.3459801247257
0.64743162108072	-34.3459800925092
0.648432288192128	-34.3459800590217
0.649432955303536	-34.345980024213
0.650433622414943	-34.3459799880311
0.651434289526351	-34.3459799504218
0.652434956637759	-34.3459799113286
0.653435623749166	-34.3459798706933
0.654436290860574	-34.3459798284547
0.655436957971981	-34.3459797845498
0.656437625083389	-34.3459797389128
0.657438292194797	-34.3459796914752
0.658438959306204	-34.3459796421662
0.659439626417612	-34.3459795909119
0.660440293529019	-34.3459795376355
0.661440960640427	-34.3459794822573
0.662441627751835	-34.3459794246942
0.663442294863242	-34.3459793648602
0.66444296197465	-34.3459793026657
0.665443629086057	-34.3459792380175
0.666444296197465	-34.3459791708188
0.667444963308873	-34.345979100969
0.66844563042028	-34.3459790283634
0.669446297531688	-34.3459789528935
0.670446964643095	-34.3459788744461
0.671447631754503	-34.3459787929039
0.672448298865911	-34.3459787081447
0.673448965977318	-34.3459786200415
0.674449633088726	-34.3459785284626
0.675450300200133	-34.3459784332707
0.676450967311541	-34.3459783343233
0.677451634422949	-34.3459782314722
0.678452301534356	-34.3459781245635
0.679452968645764	-34.3459780134371
0.680453635757171	-34.3459778979265
0.681454302868579	-34.3459777778588
0.682454969979987	-34.3459776530543
0.683455637091394	-34.345977523326
0.684456304202802	-34.3459773884796
0.685456971314209	-34.3459772483134
0.686457638425617	-34.3459771026173
0.687458305537025	-34.3459769511733
0.688458972648432	-34.3459767937546
0.68945963975984	-34.3459766301254
0.690460306871247	-34.3459764600407
0.691460973982655	-34.3459762832459
0.692461641094063	-34.3459760994762
0.69346230820547	-34.3459759084565
0.694462975316878	-34.3459757099007
0.695463642428286	-34.3459755035116
0.696464309539693	-34.34597528898
0.697464976651101	-34.3459750659848
0.698465643762508	-34.345974834192
0.699466310873916	-34.3459745932546
0.700466977985324	-34.3459743428118
0.701467645096731	-34.3459740824885
0.702468312208139	-34.3459738118951
0.703468979319546	-34.3459735306262
0.704469646430954	-34.3459732382609
0.705470313542362	-34.3459729343611
0.706470980653769	-34.345972618472
0.707471647765177	-34.3459722901206
0.708472314876584	-34.345971948815
0.709472981987992	-34.3459715940444
0.7104736490994	-34.3459712252774
0.711474316210807	-34.345970841962
0.712474983322215	-34.345970443524
0.713475650433622	-34.345970029367
0.71447631754503	-34.3459695988707
0.715476984656438	-34.3459691513906
0.716477651767845	-34.3459686862567
0.717478318879253	-34.3459682027723
0.71847898599066	-34.3459677002137
0.719479653102068	-34.3459671778282
0.720480320213476	-34.3459666348337
0.721480987324883	-34.3459660704171
0.722481654436291	-34.3459654837333
0.723482321547698	-34.3459648739038
0.724482988659106	-34.3459642400154
0.725483655770514	-34.345963581119
0.726484322881921	-34.345962896228
0.727484989993329	-34.3459621843168
0.728485657104736	-34.3459614443194
0.729486324216144	-34.3459606751279
0.730486991327552	-34.3459598755903
0.731487658438959	-34.3459590445096
0.732488325550367	-34.3459581806413
0.733488992661774	-34.3459572826919
0.734489659773182	-34.3459563493168
0.73549032688459	-34.3459553791184
0.736490993995997	-34.3459543706439
0.737491661107405	-34.3459533223834
0.738492328218812	-34.3459522327671
0.73949299533022	-34.3459511001635
0.740493662441628	-34.3459499228767
0.741494329553035	-34.3459486991439
0.742494996664443	-34.3459474271326
0.743495663775851	-34.3459461049382
0.744496330887258	-34.345944730581
0.745496997998666	-34.3459433020029
0.746497665110073	-34.3459418170649
0.747498332221481	-34.3459402735435
0.748498999332889	-34.3459386691274
0.749499666444296	-34.3459370014142
0.750500333555704	-34.3459352679068
0.751501000667111	-34.3459334660095
0.752501667778519	-34.3459315930242
0.753502334889927	-34.3459296461463
0.754503002001334	-34.3459276224606
0.755503669112742	-34.3459255189369
0.756504336224149	-34.3459233324255
0.757505003335557	-34.3459210596524
0.758505670446965	-34.3459186972143
0.759506337558372	-34.3459162415739
0.76050700466978	-34.3459136890541
0.761507671781188	-34.3459110358329
0.762508338892595	-34.3459082779375
0.763509006004003	-34.3459054112381
0.76450967311541	-34.3459024314425
0.765510340226818	-34.3458993340886
0.766511007338226	-34.3458961145387
0.767511674449633	-34.3458927679718
0.768512341561041	-34.3458892893769
0.769513008672448	-34.3458856735453
0.770513675783856	-34.3458819150628
0.771514342895264	-34.3458780083014
0.772515010006671	-34.3458739474115
0.773515677118079	-34.3458697263122
0.774516344229486	-34.3458653386832
0.775517011340894	-34.3458607779544
0.776517678452302	-34.3458560372967
0.777518345563709	-34.3458511096118
0.778519012675117	-34.345845987521
0.779519679786524	-34.3458406633546
0.780520346897932	-34.3458351291405
0.78152101400934	-34.3458293765919
0.782521681120747	-34.345823397095
0.783522348232155	-34.3458171816964
0.784523015343562	-34.3458107210893
0.78552368245497	-34.3458040055999
0.786524349566378	-34.3457970251726
0.787525016677785	-34.345789769355
0.788525683789193	-34.3457822272826
0.7895263509006	-34.3457743876622
0.790527018012008	-34.3457662387548
0.791527685123416	-34.3457577683587
0.792528352234823	-34.3457489637904
0.793529019346231	-34.3457398118664
0.794529686457638	-34.3457302988827
0.795530353569046	-34.3457204105951
0.796531020680454	-34.345710132197
0.797531687791861	-34.345699448298
0.798532354903269	-34.3456883429003
0.799533022014676	-34.3456767993749
0.800533689126084	-34.3456648004371
0.801534356237492	-34.34565232812
0.802535023348899	-34.345639363748
0.803535690460307	-34.3456258879085
0.804536357571714	-34.3456118804234
0.805537024683122	-34.3455973203182
0.80653769179453	-34.3455821857911
0.807538358905937	-34.3455664541802
0.808539026017345	-34.3455501019294
0.809539693128753	-34.3455331045534
0.81054036024016	-34.3455154366008
0.811541027351568	-34.3454970716164
0.812541694462975	-34.3454779821008
0.813542361574383	-34.34545813947
0.814543028685791	-34.3454375140125
0.815543695797198	-34.3454160748441
0.816544362908606	-34.3453937898627
0.817545030020013	-34.3453706256993
0.818545697131421	-34.3453465476688
0.819546364242829	-34.3453215197174
0.820547031354236	-34.3452955043691
0.821547698465644	-34.3452684626692
0.822548365577051	-34.3452403541266
0.823549032688459	-34.3452111366522
0.824549699799867	-34.3451807664968
0.825550366911274	-34.3451491981851
0.826551034022682	-34.3451163844477
0.827551701134089	-34.3450822761504
0.828552368245497	-34.3450468222204
0.829553035356905	-34.3450099695702
0.830553702468312	-34.3449716630178
0.83155436957972	-34.3449318452042
0.832555036691127	-34.3448904565075
0.833555703802535	-34.3448474349535
0.834556370913943	-34.3448027161232
0.83555703802535	-34.344756233056
0.836557705136758	-34.3447079161495
0.837558372248165	-34.3446576930558
0.838559039359573	-34.3446054885721
0.839559706470981	-34.3445512245294
0.840560373582388	-34.3444948196742
0.841561040693796	-34.3444361895477
0.842561707805203	-34.3443752463592
0.843562374916611	-34.3443118988541
0.844563042028019	-34.3442460521779
0.845563709139426	-34.344177607734
0.846564376250834	-34.3441064630358
0.847565043362241	-34.3440325115535
0.848565710473649	-34.3439556425544
0.849566377585057	-34.3438757409375
0.850567044696464	-34.3437926870605
0.851567711807872	-34.3437063565612
0.85256837891928	-34.3436166201712
0.853569046030687	-34.3435233435219
0.854569713142095	-34.343426386944
0.855570380253502	-34.3433256052576
0.85657104736491	-34.3432208475555
0.857571714476318	-34.3431119569769
0.858572381587725	-34.3429987704725
0.859573048699133	-34.3428811185605
0.86057371581054	-34.3427588250725
0.861574382921948	-34.3426317068902
0.862575050033356	-34.3424995736709
0.863575717144763	-34.3423622275625
0.864576384256171	-34.3422194629074
0.865577051367578	-34.3420710659343
0.866577718478986	-34.3419168144382
0.867578385590394	-34.3417564774479
0.868579052701801	-34.34158981488
0.869579719813209	-34.3414165771791
0.870580386924616	-34.3412365049446
0.871581054036024	-34.3410493285422
0.872581721147432	-34.3408547676999
0.873582388258839	-34.3406525310883
0.874583055370247	-34.340442315885
0.875583722481654	-34.3402238073202
0.876584389593062	-34.3399966782064
0.87758505670447	-34.3397605884474
0.878585723815877	-34.3395151845301
0.879586390927285	-34.3392600989945
0.880587058038692	-34.3389949498836
0.8815877251501	-34.3387193401715
0.882588392261508	-34.3384328571691
0.883589059372915	-34.3381350719058
0.884589726484323	-34.3378255384874
0.88559039359573	-34.3375037934286
0.886591060707138	-34.3371693549583
0.887591727818546	-34.3368217222993
0.888592394929953	-34.3364603749173
0.889593062041361	-34.3360847717423
0.890593729152768	-34.3356943503581
0.891594396264176	-34.3352885261601
0.892595063375584	-34.3348666914801
0.893595730486991	-34.3344282146763
0.894596397598399	-34.3339724391874
0.895597064709806	-34.3334986825498
0.896597731821214	-34.3330062353754
0.897598398932622	-34.3324943602894
0.898599066044029	-34.3319622908264
0.899599733155437	-34.3314092302826
0.900600400266845	-34.3308343505226
0.901601067378252	-34.3302367907398
0.90260173448966	-34.3296156561673
0.903602401601067	-34.3289700167378
0.904603068712475	-34.3282989056916
0.905603735823883	-34.3276013181282
0.90660440293529	-34.3268762095023
0.907605070046698	-34.3261224940592
0.908605737158105	-34.3253390432096
0.909606404269513	-34.324524683839
0.910607071380921	-34.3236781965516
0.911607738492328	-34.3227983138444
0.912608405603736	-34.321883718209
0.913609072715143	-34.320933040159
0.914609739826551	-34.3199448561793
0.915610406937959	-34.3189176865948
0.916611074049366	-34.3178499933544
0.917611741160774	-34.3167401777282
0.918612408272181	-34.3155865779137
0.919613075383589	-34.3143874665473
0.920613742494997	-34.3131410481177
0.921614409606404	-34.3118454562777
0.922615076717812	-34.3104987510493
0.92361574382922	-34.3090989159191
0.924616410940627	-34.3076438548184
0.925617078052035	-34.306131388985
0.926617745163442	-34.3045592537009
0.92761841227485	-34.3029250949007
0.928619079386258	-34.3012264656471
0.929619746497665	-34.2994608224666
0.930620413609073	-34.2976255215415
0.93162108072048	-34.2957178147505
0.932621747831888	-34.2937348455542
0.933622414943296	-34.2916736447177
0.934623082054703	-34.2895311258646
0.935623749166111	-34.2873040808553
0.936624416277518	-34.2849891749835
0.937625083388926	-34.2825829419829
0.938625750500334	-34.2800817788367
0.939626417611741	-34.2774819403831
0.940627084723149	-34.2747795337065
0.941627751834556	-34.2719705123094
0.942628418945964	-34.2690506700526
0.943629086057372	-34.2660156348571
0.944629753168779	-34.262860862158
0.945630420280187	-34.2595816280991
0.946631087391594	-34.2561730224597
0.947631754503002	-34.2526299413022
0.94863242161441	-34.2489470793298
0.949633088725817	-34.2451189219422
0.950633755837225	-34.2411397369784
0.951634422948632	-34.2370035661337
0.95263509006004	-34.2327042160373
0.953635757171448	-34.2282352489795
0.954636424282855	-34.2235899732712
0.955637091394263	-34.2187614332246
0.95663775850567	-34.2137423987374
0.957638425617078	-34.2085253544674
0.958639092728486	-34.2031024885784
0.959639759839893	-34.1974656810439
0.960640426951301	-34.1916064914876
0.961641094062708	-34.1855161465458
0.962641761174116	-34.1791855267298
0.963642428285524	-34.1726051527711
0.964643095396931	-34.1657651714273
0.965643762508339	-34.158655340728
0.966644429619747	-34.1512650146393
0.967645096731154	-34.1435831271222
0.968645763842562	-34.1355981755628
0.969646430953969	-34.127298203549
0.970647098065377	-34.118670782967
0.971647765176785	-34.1097029953918
0.972648432288192	-34.1003814127441
0.9736490993996	-34.0906920771826
0.974649766511007	-34.0806204802049
0.975650433622415	-34.0701515409224
0.976651100733823	-34.0592695834787
0.97765176784523	-34.0479583135773
0.978652434956638	-34.0362007940827
0.979653102068045	-34.0239794196598
0.980653769179453	-34.0112758904115
0.981654436290861	-33.9980711844777
0.982655103402268	-33.9843455295521
0.983655770513676	-33.9700783732762
0.984656437625083	-33.9552483524645
0.985657104736491	-33.939833261116
0.986657771847899	-33.9238100171637
0.987658438959306	-33.9071546279124
0.988659106070714	-33.8898421541126
0.989659773182121	-33.8718466726172
0.990660440293529	-33.8531412375653
0.991661107404937	-33.8336978400341
0.992661774516344	-33.8134873660992
0.993662441627752	-33.7924795532405
0.994663108739159	-33.7706429450279
0.995663775850567	-33.7479448440197
0.996664442961975	-33.7243512628021
0.997665110073382	-33.6998268730979
0.99866577718479	-33.6743349528668
0.999666444296197	-33.6478373313193
1.00066711140761	-33.6202943317606
1.00166777851901	-33.5916647121801
1.00266844563042	-33.5619056034972
1.00366911274183	-33.53097244537
1.00466977985324	-33.4988189194726
1.00567044696464	-33.4653968801391
1.00667111407605	-33.4306562822721
1.00767178118746	-33.3945451064065
1.00867244829887	-33.3570092808175
1.00967311541027	-33.317992600555
1.01067378252168	-33.2774366432844
1.01167444963309	-33.2352806818066
1.0126751167445	-33.1914615931273
1.0136757838559	-33.1459137639384
1.01467645096731	-33.0985689923708
1.01567711807872	-33.0493563858711
1.01667778519013	-32.9982022550494
1.01767845230153	-32.945030003339
1.01867911941294	-32.8897600123034
1.01967978652435	-32.8323095224178
1.02068045363576	-32.7725925091481
1.02168112074716	-32.7105195541402
1.02268178785857	-32.6459977113277
1.02368245496998	-32.5789303677577
1.02468312208139	-32.5092170989255
1.0256837891928	-32.4367535184022
1.0266844563042	-32.3614311215297
1.02768512341561	-32.2831371229494
1.02868579052702	-32.2017542877209
1.02968645763843	-32.117160755778
1.03068712474983	-32.0292298594597
1.03168779186124	-31.9378299338418
1.03268845897265	-31.8428241195859
1.03368912608406	-31.7440701580111
1.03468979319546	-31.6414201780798
1.03569046030687	-31.5347204749806
1.03669112741828	-31.4238112799757
1.03769179452969	-31.3085265211681
1.03869246164109	-31.1886935748308
1.0396931287525	-31.0641330069256
1.04069379586391	-30.9346583044247
1.04169446297532	-30.8000755960311
1.04269513008672	-30.6601833618827
1.04369579719813	-30.5147721318026
1.04469646430954	-30.363624171645
1.04569713142095	-30.2065131572673
1.04669779853235	-30.0432038356393
1.04769846564376	-29.8734516725829
1.04869913275517	-29.6970024866145
1.04969979986658	-29.5135920683414
1.05070046697799	-29.3229457848436
1.05170113408939	-29.1247781684468
1.0527018012008	-28.9187924892722
1.05370246831221	-28.7046803109227
1.05470313542362	-28.4821210286405
1.05570380253502	-28.250781389243
1.05670446964643	-28.0103149921204
1.05770513675784	-27.7603617705467
1.05870580386925	-27.500547452527
1.05970647098065	-27.2304830003744
1.06070713809206	-26.9497640281779
1.06170780520347	-26.6579701962871
1.06270847231488	-26.3546645819094
1.06370913942628	-26.0393930248759
1.06470980653769	-25.7116834475959
1.0657104736491	-25.3710451481834
1.06671114076051	-25.0169680656956
1.06771180787191	-24.6489220163836
1.06871247498332	-24.2663558998126
1.06971314209473	-23.8686968736614
1.07071380920614	-23.4553494959666
1.07171447631755	-23.0256948335266
1.07271514342895	-22.5790895351311
1.07371581054036	-22.1148648682271
1.07471647765177	-21.6323257175802
1.07571714476318	-21.1307495444316
1.07671781187458	-20.6093853045906
1.07771847898599	-20.0674523238459
1.0787191460974	-19.5041391290084
1.07971981320881	-18.9186022328374
1.08072048032021	-18.3099648710292
1.08172114743162	-17.6773156893786
1.08272181454303	-17.019707379146
1.08372248165444	-16.3361552585872
1.08472314876584	-15.6256357985225
1.08572381587725	-14.8870850897372
1.08672448298866	-14.1193972499169
1.08772515010007	-13.3214227677351
1.08872581721147	-12.4919667816113
1.08972648432288	-11.6297872905634
1.09072715143429	-10.7335932944754
1.0917278185457	-9.8020428609944
1.0927284856571	-8.83374111616373
1.09372915276851	-7.82723815578348
1.09472981987992	-6.78102687436983
1.09573048699133	-5.69354070846397
1.09673115410274	-4.5631512909088
1.09773182121414	-3.38816601258427
1.09873248832555	-2.16682548794913
1.09973315543696	-0.897300920591448
1.10073382254837	0.422308635151332
1.10173448965977	1.79397912060852
1.10273515677118	3.21976443148831
1.10373582388259	4.70179949331516
1.104736490994	6.24230345820004
1.1057371581054	7.84358302772586
1.10673782521681	9.50803590693241
1.10773849232822	11.2381543945612
1.10873915943963	13.036529114945
1.10973982655103	14.9058528971267
1.11074049366244	16.8489248070129
1.11174116077385	18.8686543386107
1.11274182788526	20.9680657706082
1.11374249499666	23.1503026948342
1.11474316210807	25.4186327233711
1.11574382921948	27.7764523813761
1.11674449633089	30.227292192926
1.11774516344229	32.7748219675151
1.1187458305537	35.4228562951091
1.11974649766511	38.175360257992
1.12074716477652	41.0364553679501
1.12174783188793	44.0104257376987
1.12274849899933	47.1017244957718
1.12374916611074	50.3149804544961
1.12474983322215	53.6550050410285
1.12575050033356	57.1267995018289
1.12675116744496	60.7355623913746
1.12775183455637	64.4866973563057
1.12875250166778	68.3858212266758
1.12975316877919	72.4387724264092
1.13075383589059	76.651619715579
1.131754503002	81.0306712775708
1.13275517011341	85.5824841647533
1.13375583722482	90.3138741168052
1.13475650433622	95.2319257663839
1.13575717144763	100.344003247426
1.13675783855904	105.657761221974
1.13775850567045	111.181156342016
1.13875917278185	116.922459163532
1.13975983989326	122.890266530545
1.14076050700467	129.093514447782
1.14176117411608	135.54149146115
1.14276184122748	142.24385256611
1.14376250833889	149.210633664766
1.1447631754503	156.452266593294
1.14576384256171	163.979594742252
1.14676450967312	171.803889293126
1.14776517678452	179.936866095435
1.14876584389593	188.39070320967
1.14976651100734	197.178059142335
1.15076717811875	206.3120918004
1.15176784523015	215.806478193515
1.15276851234156	225.675434913546
1.15376917945297	235.933739422038
1.15476984656438	246.596752177512
1.15577051367578	257.680439635737
1.15677118078719	269.201398157384
1.1577718478986	281.176878858892
1.15877251501001	293.624813443742
1.15977318212141	306.563841052804
1.16077384923282	320.013336174017
1.16177451634423	333.993437653115
1.16277518345564	348.525078848899
1.16377585056704	363.630018978174
1.16477651767845	379.330875697314
1.16577718478986	395.651158969225
1.16677785190127	412.615306266401
1.16777851901268	430.248719162833
1.16877918612408	448.577801369508
1.16977985323549	467.629998270483
1.1707805203469	487.43383801873
1.17178118745831	508.018974253296
1.17278185456971	529.416230501702
1.17378252168112	551.657646334125
1.17478318879253	574.776525338409
1.17578385590394	598.807484987824
1.17678452301534	623.786508476152
1.17778519012675	649.750998597779
1.17878585723816	676.739833753457
1.17978652434957	704.793426165546
1.18078719146097	733.953782390047
1.18178785857238	764.264566215848
1.18278852568379	795.771164045478
1.1837891927952	828.520752855299
1.1847898599066	862.562370836774
1.18579052701801	897.946990824703
1.18679119412942	934.727596622339
1.18779186124083	972.95926233763
1.18879252835223	1012.69923484945
1.18979319546364	1054.00701952721
1.19079386257505	1096.94446933238
1.19179452968646	1141.57587743505
1.19279519679787	1187.96807348458
1.19379586390927	1236.1905236781
1.19479653102068	1286.31543477701
1.19579719813209	1338.41786222712
1.1967978652435	1392.57582254424
1.1977985323549	1448.87041013363
1.19879919946631	1507.38591871822
1.19979986657772	1568.20996755729
1.20080053368913	1631.43363264482
1.20180120080053	1697.15158308372
1.20280186791194	1765.46222284037
1.20380253502335	1836.46783809163
1.20480320213476	1910.27475038474
1.20580386924616	1986.99347584003
1.20680453635757	2066.73889063411
1.20780520346898	2149.63040301181
1.20880587058039	2235.79213208437
1.20980653769179	2325.35309368126
1.2108072048032	2418.44739353459
1.21180787191461	2515.21442808464
1.21280853902602	2615.79909320769
1.21380920613743	2720.35200117843
1.21480987324883	2829.02970619208
1.21581054036024	2941.99493878362
1.21681120747165	3059.41684949524
1.21781187458306	3181.47126215708
1.21881254169446	3308.34093716024
1.21981320880587	3440.21584511617
1.22081387591728	3577.29345131291
1.22181454302869	3719.77901139314
1.22281521014009	3867.88587869746
1.2238158772515	4021.835823733
1.22481654436291	4181.85936624525
1.22581721147432	4348.19612039132
1.22681787858572	4521.09515353035
1.22781854569713	4700.81535916908
1.22881921280854	4887.62584462083
1.22981987991995	5081.80633395794
1.23082054703135	5283.64758686207
1.23182121414276	5493.45183399831
1.23282188125417	5711.53322956561
1.23382254836558	5938.21832170161
1.23482321547698	6173.84654144504
1.23582388258839	6418.77071098927
1.2368245496998	6673.35757198688
1.23782521681121	6937.98833469692
1.23882588392262	7213.05924879716
1.23982655103402	7498.98219671533
1.24082721814543	7796.18531036934
1.24182788525684	8105.11361223798
1.24282855236825	8426.22968172353
1.24382921947965	8760.01434780354
1.24482988659106	9106.96740900832
1.24583055370247	9467.60838180412
1.24683122081388	9842.47727850001
1.24783188792528	10232.1354158453
1.24883255503669	10637.1662555274
1.2498332221481	11058.1762778283
1.25083388925951	11495.7958897498
1.25183455637091	11950.6803689638
1.25283522348232	12423.5108450052
1.25383589059373	12914.9953191728
1.25483655770514	13425.8697246682
1.25583722481654	13956.899028559
1.25683789192795	14508.8783772157
1.25783855903936	15082.6342869387
1.25883922615077	15679.0258815577
1.25983989326217	16298.9461788559
1.26084056037358	16943.323427747
1.26184122748499	17613.1224982052
1.2628418945964	18309.3463260307
1.26384256170781	19033.0374146141
1.26484322881921	19785.2793959473
1.26584389593062	20567.1986532205
1.26684456304203	21379.9660074312
1.26784523015344	22224.7984705355
1.26884589726484	23102.9610677627
1.26984656437625	24015.7687318226
1.27084723148766	24964.588271846
1.27184789859907	25950.8404199996
1.27284856571047	26976.0019588458
1.27384923282188	28041.6079326295
1.27484989993329	29149.2539458044
1.2758505670447	30300.5985522412
1.2768512341561	31497.3657386918
1.27785190126751	32741.3475062339
1.27885256837892	34034.4065535552
1.27985323549033	35378.479066099
1.28085390260173	36775.5776152477
1.28185456971314	38227.7941718824
1.28285523682455	39737.3032388327
1.28385590393596	41306.3651069101
1.28485657104736	42937.3292393932
1.28585723815877	44632.6377900403
1.28685790527018	46394.8292598932
1.28785857238159	48226.5422983468
1.288859239493	50130.5196541799
1.2898599066044	52109.612282457
1.29086057371581	54166.7836134619
1.29186124082722	56305.1139900408
1.29286190793863	58527.8052800106
1.29386257505003	60838.1856705344
1.29486324216144	63239.7146516398
1.29586390927285	65735.9881963542
1.29686457638426	68330.7441451966
1.29786524349566	71027.8678031022
1.29886591060707	73831.3977571547
1.29986657771848	76745.5319238359
1.30086724482989	79774.6338348556
1.30186791194129	82923.2391709612
1.3028685790527	86196.0625535252
1.30386924616411	89598.0046040681
1.30486991327552	93134.1592822888
1.30587058038692	96809.8215136049
1.30687124749833	100630.4951176
1.30787191460974	104601.901049272
1.30887258172115	108729.985965404
1.30987324883256	113020.931128901
1.31087391594396	117481.161664419
1.31187458305537	122117.356179139
1.31287525016678	126936.4567631
1.31387591727819	131945.679384067
1.31487658438959	137152.524692486
1.315877251501	142564.789252727
1.31687791861241	148190.577217404
1.31787858572382	154038.312462276
1.31887925283522	160116.751199898
1.31987991994663	166434.995090881
1.32088058705804	173002.504872443
1.32188125416945	179829.114524607
1.32288192128085	186925.045995292
1.32388258839226	194300.924506336
1.32488325550367	201967.794463351
1.32588392261508	209937.135993285
1.32688458972648	218220.882134382
1.32788525683789	226831.436704344
1.3288859239493	235781.692873406
1.32988659106071	245085.052470156
1.33088725817211	254755.446049017
1.33188792528352	264807.35374941
1.33288859239493	275255.826977847
1.33388925950634	286116.510945444
1.33488992661775	297405.66809454
1.33589059372915	309140.202449585
1.33689126084056	321337.684928665
1.33789192795197	334016.379653651
1.33889259506338	347195.271298311
1.33989326217478	360894.093515344
1.34089392928619	375133.35848494
1.3418945963976	389934.387629056
1.34289526350901	405319.343537436
1.34389593062041	421311.263153172
1.34489659773182	437934.092267468
1.34589726484323	455212.72137534
1.34689793195464	473173.022945828
1.34789859906604	491841.890162602
1.34889926617745	511247.277192983
1.34989993328886	531418.241045594
1.35090060040027	552384.985079427
1.35190126751167	574178.904229366
1.35290193462308	596832.632015984
1.35390260173449	620380.089409933
1.3549032688459	644856.535624093
1.3559039359573	670298.620909663
1.35690460306871	696744.441435006
1.35790527018012	724233.596329689
1.35890593729153	752807.246978942
1.35990660440294	782508.178657392
1.36090727151434	813380.864594402
1.36190793862575	845471.532566825
1.36290860573716	878828.234119069
1.36390927284857	913500.91651388
1.36490993995997	949541.497521821
1.36591060707138	987003.943161271
1.36691127418279	1025944.34850547
1.3679119412942	1066421.02167741
1.3689126084056	1108494.57115868
1.36991327551701	1152227.9965425
1.37091394262842	1197686.78286751
1.37191460973983	1244938.99867284
1.37291527685123	1294055.39792181
1.37391594396264	1345109.52594671
1.37491661107405	1398177.82957316
1.37591727818546	1453339.77158919
1.37691794529686	1510677.94973031
1.37791861240827	1570278.2203587
1.37891927951968	1632229.82702179
1.37991994663109	1696625.53408274
1.38092061374249	1763561.76562277
1.3819212808539	1833138.74982365
1.38292194796531	1905460.669046
1.38392261507672	1980635.8158288
1.38492328218813	2058776.75504306
1.38592394929953	2140000.49244304
1.38692461641094	2224428.64986673
1.38792528352235	2312187.64734878
1.38892595063376	2403408.89241745
1.38992661774516	2498228.97686053
1.39092728485657	2596789.88125315
1.39192795196798	2699239.18755511
1.39292861907939	2805730.30009556
1.39392928619079	2916422.67527545
1.3949299533022	3031482.06033268
1.39593062041361	3151080.74152671
1.39693128752502	3275397.80211452
1.39793195463642	3404619.39050405
1.39893262174783	3538938.99898711
1.39993328885924	3678557.75346835
1.40093395597065	3823684.71462507
1.40193462308205	3974537.19094766
1.40293529019346	4131341.0641308
1.40393595730487	4294331.12730106
1.40493662441628	4463751.43658923
1.40593729152769	4639855.67657162
1.40693795863909	4822907.54012975
1.4079386257505	5013181.12329529
1.40893929286191	5210961.33567296
1.40993995997332	5416544.32705502
1.41094062708472	5630237.93086648
1.41194129419613	5852362.12510538
1.41294196130754	6083249.51146719
1.41394262841895	6323245.81337229
1.41494329553035	6572710.39364106
1.41594396264176	6832016.79259269
1.41694462975317	7101553.28737191
1.41794529686458	7381723.47334363
1.41894596397598	7672946.86842284
1.41994663108739	7975659.54124826
1.4209472981988	8290314.76413716
1.42194796531021	8617383.69180098
1.42294863242161	8957356.0668375
1.42394929953302	9310740.95305558
1.42494996664443	9678067.49773118
1.42595063375584	10059885.7239361
1.42695130086724	10456767.3541242
1.42795196797865	10869306.666211
1.42895263509006	11298121.3834262
1.42995330220147	11743853.5992728
1.43095396931288	12207170.7389782
1.43195463642428	12688766.5588739
1.43295530353569	13189362.1852062
1.4339559706471	13709707.1939252
1.43495663775851	14250580.7330785
1.43595730486991	14812792.6894807
1.43695797198132	15397184.9014138
1.43795863909273	16004632.4191673
1.43895930620414	16636044.8153117
1.43995997331554	17292367.5466638
1.44096064042695	17974583.3699825
1.44196130753836	18683713.8135188
1.44296197464977	19420820.7066183
1.44396264176117	20187007.7696718
1.44496330887258	20983422.2667901
1.44596397598399	21811256.7236822
1.4469646430954	22671750.7133032
1.4479653102068	23566192.7119543
1.44896597731821	24495922.0286018
1.44996664442962	25462330.810321
1.45096731154103	26466866.1268483
1.45196797865243	27511032.137381
1.45296864576384	28596392.3428543
1.45396931287525	29724571.9270796
1.45496997998666	30897260.1902424
1.45597064709807	32116213.0784078
1.45697131420947	33383255.812816
1.45797198132088	34700285.622912
1.45897264843229	36069274.5871964
1.4599733155437	37492272.586153
1.4609739826551	38971410.3716743
1.46197464976651	40508902.7575808
1.46297531687792	42107051.936015
1.46397598398933	43768250.9246667
1.46497665110073	45494987.1500069
1.46597731821214	47289846.1718751
1.46697798532355	49155515.5550198
1.46797865243496	51094788.8933678
1.46897931954636	53110569.9930652
1.46997998665777	55205877.2205432
1.47098065376918	57383848.0221266
1.47198132088059	59647743.6219417
1.47298198799199	62000953.9051724
1.4739826551034	64447002.4939645
1.47498332221481	66989552.0235892
1.47598398932622	69632409.6267511
1.47698465643762	72379532.6342699
1.47798532354903	75235034.5006648
1.47898599066044	78203190.963504
1.47998665777185	81288446.4457621
1.48098732488326	84495420.7107576
1.48198799199466	87828915.7796378
1.48298865910607	91293923.1217739
1.48398932621748	94895631.1288262
1.48498999332889	98639432.8836767
1.48599066044029	102530934.235865
1.4869913275517	106575962.1956
1.48799199466311	110780573.658951
1.48899266177452	115151064.477231
1.48999332888592	119693978.884233
1.49099399599733	124416119.29533
1.49199466310874	129324556.49321
1.49299533022015	134426640.21544
1.49399599733155	139730010.159725
1.49499666444296	145242607.423347
1.49599733155437	150972686.393914
1.49699799866578	156928827.109222
1.49799866577718	163119948.104721
1.49899933288859	169555319.767849
1.5	176244578.21922
